object={
	name="african_dynamic_forestry_objects_generator_2_0"
	clamp_to_water_level=no
	render_under_water=no
	generated_content=yes
	layer="forestry_dynamic"
	pdxmesh="generic_forestry_lumberpile_02_mesh"
	count=20
	transform="5127.650879 0.000000 921.237366 0.000000 0.617493 0.000000 0.786576 0.000000 0.000000 0.000000
5170.569336 0.000000 959.723816 0.000000 0.422113 0.000000 -0.906543 0.000000 0.000000 0.000000
5123.605469 0.000000 927.026550 0.000000 0.461322 0.000000 0.887233 0.000000 0.000000 0.000000
5125.963867 0.000000 924.448975 0.000000 0.658156 0.000000 0.752881 0.000000 0.000000 0.000000
5152.693359 0.000000 955.738281 0.000000 0.654102 0.000000 -0.756406 0.000000 0.000000 0.000000
5161.423340 0.000000 992.656616 0.000000 0.928532 0.000000 -0.371253 0.000000 0.000000 0.000000
5180.270508 0.000000 1008.568237 0.000000 0.361759 0.000000 0.932272 0.000000 0.000000 0.000000
5172.449707 0.000000 992.994873 0.000000 0.823594 0.000000 0.567179 0.000000 0.000000 0.000000
5177.729980 0.000000 1001.023865 0.000000 0.969199 0.000000 0.246280 0.000000 0.000000 0.000000
5183.683594 0.000000 1029.759155 0.000000 0.660400 0.000000 -0.750914 0.000000 0.000000 0.000000
5181.524414 0.000000 1022.232178 0.000000 0.922670 0.000000 -0.385590 0.000000 0.000000 0.000000
5182.127441 0.000000 1034.158691 0.000000 0.814025 0.000000 0.580830 0.000000 0.000000 0.000000
5191.674805 0.000000 1040.664795 0.000000 0.981438 0.000000 0.191780 0.000000 0.000000 0.000000
5202.736816 0.000000 1066.839844 0.000000 0.098691 0.000000 -0.995118 0.000000 0.000000 0.000000
5187.605469 0.000000 1039.995361 0.000000 0.998481 0.000000 0.055094 0.000000 0.000000 0.000000
5193.808105 0.000000 1052.424316 0.000000 0.264691 0.000000 -0.964333 0.000000 0.000000 0.000000
5189.963867 0.000000 1037.417725 0.000000 0.999981 0.000000 -0.006198 0.000000 0.000000 0.000000
5195.713867 0.000000 1054.721924 0.000000 0.838232 0.000000 0.545313 0.000000 0.000000 0.000000
5193.640137 0.000000 1049.945801 0.000000 0.758691 0.000000 0.651451 0.000000 0.000000 0.000000
5187.661133 0.000000 1037.792358 0.000000 0.675374 0.000000 -0.737475 1.000000 1.000000 1.000000
"}
