object={
	name="arabic_dynamic_forestry_objects_generator_2_0"
	clamp_to_water_level=no
	render_under_water=no
	generated_content=yes
	layer="forestry_dynamic"
	pdxmesh="generic_forestry_lumberpile_02_mesh"
	count=323
	transform="3874.074463 0.000000 2208.410400 0.000000 0.223440 0.000000 -0.974718 0.000000 0.000000 0.000000
3962.134033 0.000000 2343.323730 0.000000 0.192220 0.000000 -0.981352 0.000000 0.000000 0.000000
3951.844482 0.000000 2322.969727 0.000000 0.939927 0.000000 0.341374 0.000000 0.000000 0.000000
3965.935791 0.000000 2345.889404 0.000000 0.608891 0.000000 0.793254 0.000000 0.000000 0.000000
3948.817139 0.000000 2325.385254 0.000000 0.691044 0.000000 0.722813 0.000000 0.000000 0.000000
3963.206543 0.000000 2345.840088 0.000000 0.883506 0.000000 -0.468420 1.000000 1.000000 1.000000
3967.545410 0.000000 2347.818359 0.000000 0.924081 0.000000 0.382196 0.000000 0.000000 0.000000
3964.605713 0.000000 2347.785889 0.000000 0.007237 0.000000 -0.999974 1.000000 1.000000 1.000000
3949.664307 0.000000 2322.854980 0.000000 0.899256 0.000000 -0.437424 0.000000 0.000000 0.000000
5042.281250 0.000000 1511.662964 0.000000 0.300514 0.000000 -0.953777 0.000000 0.000000 0.000000
5049.729980 0.000000 1509.383301 0.000000 0.987520 0.000000 0.157493 0.000000 0.000000 0.000000
5046.872070 0.000000 1514.928101 0.000000 0.915202 0.000000 -0.402994 0.000000 0.000000 0.000000
5043.720703 0.000000 1506.465576 0.000000 0.977603 0.000000 -0.210457 0.000000 0.000000 0.000000
5045.811523 0.000000 1509.892822 0.000000 0.567450 0.000000 -0.823408 0.000000 0.000000 0.000000
5048.579102 0.000000 1517.756104 0.000000 0.247811 0.000000 -0.968808 0.000000 0.000000 0.000000
5044.392090 0.000000 1516.980469 0.000000 0.978080 0.000000 0.208229 0.000000 0.000000 0.000000
5047.033203 0.000000 1507.041626 0.000000 0.211523 0.000000 0.977373 0.000000 0.000000 0.000000
5045.610352 0.000000 1504.086548 0.000000 0.065374 0.000000 -0.997861 0.000000 0.000000 0.000000
5047.879395 0.000000 1511.788574 0.000000 0.838330 0.000000 0.545163 1.000000 1.000000 1.000000
5045.008789 0.000000 1512.815552 0.000000 0.320247 0.000000 0.947334 1.000000 1.000000 1.000000
5047.341309 0.000000 1519.885742 0.000000 0.840630 0.000000 -0.541609 0.000000 0.000000 0.000000
5046.447266 0.000000 1517.803223 0.000000 0.150864 0.000000 -0.988555 1.000000 1.000000 1.000000
5044.752441 0.000000 1514.991089 0.000000 0.804931 0.000000 0.593369 1.000000 1.000000 1.000000
5047.657227 0.000000 1508.967529 0.000000 0.966152 0.000000 -0.257974 1.000000 1.000000 1.000000
5045.193359 0.000000 1507.928711 0.000000 0.730088 0.000000 -0.683353 1.000000 1.000000 1.000000
5044.105469 0.000000 1510.984741 0.000000 0.823716 0.000000 0.567003 0.000000 0.000000 0.000000
5045.498535 0.000000 1506.069946 0.000000 0.889546 0.000000 0.456845 1.000000 1.000000 1.000000
5060.957031 0.000000 1514.760864 0.000000 0.674217 0.000000 -0.738534 0.000000 0.000000 0.000000
5056.390625 0.000000 1512.143921 0.000000 0.838527 0.000000 0.544860 0.000000 0.000000 0.000000
5062.827637 0.000000 1524.592651 0.000000 0.877069 0.000000 -0.480364 0.000000 0.000000 0.000000
5059.167969 0.000000 1512.546387 0.000000 0.309344 0.000000 -0.950950 0.000000 0.000000 0.000000
5060.256348 0.000000 1524.109497 0.000000 0.096863 0.000000 -0.995298 0.000000 0.000000 0.000000
5076.950195 0.000000 1534.247314 0.000000 0.518881 0.000000 0.854847 0.000000 0.000000 0.000000
5081.924805 0.000000 1578.318604 0.000000 0.317018 0.000000 -0.948419 0.000000 0.000000 0.000000
5094.465332 0.000000 1550.175903 0.000000 0.995866 0.000000 -0.090831 0.000000 0.000000 0.000000
5086.773926 0.000000 1541.549805 0.000000 0.055447 0.000000 0.998462 0.000000 0.000000 0.000000
5082.661621 0.000000 1546.515747 0.000000 0.824382 0.000000 0.566035 0.000000 0.000000 0.000000
5083.974121 0.000000 1556.807617 0.000000 0.694554 0.000000 0.719440 0.000000 0.000000 0.000000
5079.427734 0.000000 1574.073486 0.000000 0.134688 0.000000 -0.990888 0.000000 0.000000 0.000000
5087.949707 0.000000 1559.334106 0.000000 0.155596 0.000000 0.987821 0.000000 0.000000 0.000000
5087.822266 0.000000 1551.139282 0.000000 0.998464 0.000000 -0.055401 0.000000 0.000000 0.000000
5078.596680 0.000000 1545.609253 0.000000 0.309894 0.000000 -0.950771 0.000000 0.000000 0.000000
5105.158691 0.000000 1559.706543 0.000000 0.303121 0.000000 0.952952 0.000000 0.000000 0.000000
5100.877441 0.000000 1558.865112 0.000000 0.999544 0.000000 -0.030187 0.000000 0.000000 0.000000
5091.650879 0.000000 1548.020508 0.000000 0.245578 0.000000 0.969377 0.000000 0.000000 0.000000
5085.234863 0.000000 1548.786865 0.000000 0.463801 0.000000 0.885940 1.000000 1.000000 1.000000
5091.373047 0.000000 1552.021484 0.000000 0.859983 0.000000 0.510323 0.000000 0.000000 0.000000
5086.089844 0.000000 1554.013428 0.000000 0.176958 0.000000 -0.984218 0.000000 0.000000 0.000000
5080.763672 0.000000 1555.809326 0.000000 0.540010 0.000000 -0.841658 0.000000 0.000000 0.000000
5085.587891 0.000000 1544.745850 0.000000 0.917512 0.000000 -0.397709 0.000000 0.000000 0.000000
5082.132812 0.000000 1559.529907 0.000000 0.898351 0.000000 0.439277 0.000000 0.000000 0.000000
5086.841309 0.000000 1556.710327 0.000000 0.280272 0.000000 0.959920 0.000000 0.000000 0.000000
5085.260254 0.000000 1559.347412 0.000000 0.933814 0.000000 0.357759 1.000000 1.000000 1.000000
5082.616211 0.000000 1549.160522 0.000000 0.423466 0.000000 0.905912 0.000000 0.000000 0.000000
5082.516602 0.000000 1563.857056 0.000000 0.171123 0.000000 0.985250 0.000000 0.000000 0.000000
5079.931152 0.000000 1576.795410 0.000000 0.667228 0.000000 -0.744854 0.000000 0.000000 0.000000
5095.437012 0.000000 1552.460083 0.000000 0.148155 0.000000 -0.988964 0.000000 0.000000 0.000000
5086.667969 0.000000 1561.459473 0.000000 0.102912 0.000000 -0.994690 0.000000 0.000000 0.000000
5085.193848 0.000000 1551.289307 0.000000 0.953646 0.000000 -0.300932 0.000000 0.000000 0.000000
5087.885254 0.000000 1544.268188 0.000000 0.811588 0.000000 -0.584230 0.000000 0.000000 0.000000
5087.716309 0.000000 1565.528687 0.000000 0.404145 0.000000 -0.914695 0.000000 0.000000 0.000000
5092.267090 0.000000 1549.968872 0.000000 0.999447 0.000000 -0.033266 0.000000 0.000000 0.000000
5089.168457 0.000000 1545.370361 0.000000 0.814165 0.000000 -0.580634 0.000000 0.000000 0.000000
4828.282227 0.000000 1787.911621 0.000000 0.720021 0.000000 0.693953 0.000000 0.000000 0.000000
4863.419434 0.000000 1772.887695 0.000000 0.643561 0.000000 0.765395 0.000000 0.000000 0.000000
4858.133789 0.000000 1778.480103 0.000000 0.725186 0.000000 -0.688553 0.000000 0.000000 0.000000
4832.909180 0.000000 1793.258911 0.000000 0.701483 0.000000 0.712686 0.000000 0.000000 0.000000
4856.634766 0.000000 1786.804199 0.000000 0.850910 0.000000 -0.525312 0.000000 0.000000 0.000000
4862.018555 0.000000 1776.910767 0.000000 0.787902 0.000000 0.615800 1.000000 1.000000 1.000000
4832.344727 0.000000 1789.333252 0.000000 0.447160 0.000000 -0.894454 0.000000 0.000000 0.000000
4829.565918 0.000000 1794.314331 0.000000 0.924792 0.000000 -0.380474 0.000000 0.000000 0.000000
4829.536621 0.000000 1791.028809 0.000000 0.093555 0.000000 0.995614 0.000000 0.000000 0.000000
4830.662598 0.000000 1797.206055 0.000000 0.890125 0.000000 0.455716 0.000000 0.000000 0.000000
4831.716309 0.000000 1791.466187 0.000000 0.346276 0.000000 0.938133 1.000000 1.000000 1.000000
4862.998535 0.000000 1774.997192 0.000000 0.830115 0.000000 -0.557592 0.000000 0.000000 0.000000
4830.427246 0.000000 1789.302856 0.000000 0.817358 0.000000 0.576130 1.000000 1.000000 1.000000
4830.384766 0.000000 1792.610352 0.000000 0.999530 0.000000 0.030652 1.000000 1.000000 1.000000
4831.343262 0.000000 1794.152466 0.000000 0.021833 0.000000 0.999762 1.000000 1.000000 1.000000
5097.206543 0.000000 1590.106201 0.000000 0.446245 0.000000 0.894911 0.000000 0.000000 0.000000
5101.901367 0.000000 1582.516968 0.000000 0.435474 0.000000 0.900201 0.000000 0.000000 0.000000
5094.270996 0.000000 1582.969482 0.000000 0.269115 0.000000 -0.963108 0.000000 0.000000 0.000000
5103.844727 0.000000 1588.672974 0.000000 0.903615 0.000000 -0.428345 0.000000 0.000000 0.000000
5098.133789 0.000000 1585.699829 0.000000 0.479138 0.000000 0.877740 0.000000 0.000000 0.000000
5094.192871 0.000000 1587.269409 0.000000 0.031168 0.000000 -0.999514 0.000000 0.000000 0.000000
5101.457031 0.000000 1585.776001 0.000000 0.997239 0.000000 0.074266 0.000000 0.000000 0.000000
5103.681152 0.000000 1584.464355 0.000000 0.931187 0.000000 -0.364543 0.000000 0.000000 0.000000
5094.658203 0.000000 1589.783447 0.000000 0.679001 0.000000 -0.734138 0.000000 0.000000 0.000000
5095.590820 0.000000 1585.177612 0.000000 0.495799 0.000000 -0.868437 0.000000 0.000000 0.000000
5096.628906 0.000000 1587.702759 0.000000 0.797984 0.000000 0.602678 0.000000 0.000000 0.000000
5044.449707 0.000000 1670.807373 0.000000 0.642677 0.000000 0.766137 0.000000 0.000000 0.000000
5045.610352 0.000000 1673.539673 0.000000 0.922347 0.000000 0.386362 0.000000 0.000000 0.000000
4897.639160 0.000000 1781.053223 0.000000 0.743598 0.000000 -0.668627 0.000000 0.000000 0.000000
4921.729980 0.000000 1791.805176 0.000000 0.701297 0.000000 0.712869 0.000000 0.000000 0.000000
4909.233887 0.000000 1776.912964 0.000000 0.614035 0.000000 -0.789279 0.000000 0.000000 0.000000
4864.315430 0.000000 1777.441162 0.000000 0.386548 0.000000 -0.922269 0.000000 0.000000 0.000000
4890.840820 0.000000 1777.719971 0.000000 0.979908 0.000000 -0.199449 0.000000 0.000000 0.000000
4896.909180 0.000000 1793.258911 0.000000 0.999463 0.000000 -0.032765 0.000000 0.000000 0.000000
4883.298340 0.000000 1768.962769 0.000000 0.532854 0.000000 0.846207 0.000000 0.000000 0.000000
4913.916504 0.000000 1768.805664 0.000000 0.183339 0.000000 -0.983050 0.000000 0.000000 0.000000
4903.675293 0.000000 1805.789551 0.000000 0.334190 0.000000 0.942506 0.000000 0.000000 0.000000
4915.720703 0.000000 1788.887451 0.000000 0.946114 0.000000 0.323835 0.000000 0.000000 0.000000
4891.974121 0.000000 1782.745117 0.000000 0.851340 0.000000 0.524614 0.000000 0.000000 0.000000
4890.548828 0.000000 1792.328735 0.000000 0.855946 0.000000 0.517066 0.000000 0.000000 0.000000
4887.427734 0.000000 1800.010986 0.000000 0.987190 0.000000 -0.159552 0.000000 0.000000 0.000000
4910.917969 0.000000 1772.330322 0.000000 0.749151 0.000000 -0.662400 0.000000 0.000000 0.000000
4926.112305 0.000000 1794.934326 0.000000 0.024601 0.000000 -0.999697 0.000000 0.000000 0.000000
4884.194824 0.000000 1796.928467 0.000000 0.979409 0.000000 0.201885 1.000000 1.000000 1.000000
4901.993652 0.000000 1780.578979 0.000000 0.466828 0.000000 0.884348 0.000000 0.000000 0.000000
4897.638184 0.000000 1797.784302 0.000000 0.560629 0.000000 -0.828067 1.000000 1.000000 1.000000
4895.822266 0.000000 1777.076782 0.000000 0.544261 0.000000 -0.838916 1.000000 1.000000 1.000000
4887.759277 0.000000 1795.141479 0.000000 0.176244 0.000000 -0.984346 0.000000 0.000000 0.000000
4905.764648 0.000000 1779.339844 0.000000 0.973092 0.000000 -0.230418 0.000000 0.000000 0.000000
4898.997070 0.000000 1806.979004 0.000000 0.165498 0.000000 -0.986210 0.000000 0.000000 0.000000
4917.811523 0.000000 1792.314697 0.000000 0.968157 0.000000 0.250344 0.000000 0.000000 0.000000
4879.712891 0.000000 1769.629761 0.000000 0.360060 0.000000 -0.932929 0.000000 0.000000 0.000000
4912.763672 0.000000 1790.822021 0.000000 0.774844 0.000000 0.632152 0.000000 0.000000 0.000000
4893.565918 0.000000 1794.314331 0.000000 0.444125 0.000000 0.895965 1.000000 1.000000 1.000000
4899.373047 0.000000 1777.958984 0.000000 0.822655 0.000000 0.568540 1.000000 1.000000 1.000000
4894.089844 0.000000 1779.950928 0.000000 0.682179 0.000000 -0.731185 1.000000 1.000000 1.000000
4888.763672 0.000000 1781.746826 0.000000 0.865730 0.000000 0.500512 0.000000 0.000000 0.000000
4864.205078 0.000000 1773.434326 0.000000 0.703694 0.000000 0.710503 0.000000 0.000000 0.000000
4902.643555 0.000000 1802.717773 0.000000 0.982497 0.000000 0.186281 0.000000 0.000000 0.000000
4873.939941 0.000000 1766.304077 0.000000 0.033340 0.000000 -0.999444 0.000000 0.000000 0.000000
4893.536621 0.000000 1791.028809 0.000000 0.988751 0.000000 -0.149568 1.000000 1.000000 1.000000
4914.335449 0.000000 1771.908691 0.000000 0.546935 0.000000 -0.837175 0.000000 0.000000 0.000000
4896.693359 0.000000 1803.003906 0.000000 0.931968 0.000000 0.362540 0.000000 0.000000 0.000000
4894.662598 0.000000 1797.206055 0.000000 0.665631 0.000000 0.746281 0.000000 0.000000 0.000000
4900.314453 0.000000 1804.411499 0.000000 0.765064 0.000000 -0.643954 1.000000 1.000000 1.000000
4880.764160 0.000000 1766.967651 0.000000 0.577426 0.000000 -0.816443 1.000000 1.000000 1.000000
4900.101074 0.000000 1798.876953 0.000000 0.919920 0.000000 0.392106 1.000000 1.000000 1.000000
4906.478516 0.000000 1776.752686 0.000000 0.510183 0.000000 0.860066 0.000000 0.000000 0.000000
4884.862305 0.000000 1799.682617 0.000000 0.685005 0.000000 0.728538 0.000000 0.000000 0.000000
4883.875488 0.000000 1766.464478 0.000000 0.644231 0.000000 -0.764831 0.000000 0.000000 0.000000
4891.115234 0.000000 1780.299316 0.000000 0.849102 0.000000 -0.528229 1.000000 1.000000 1.000000
4885.389160 0.000000 1794.241455 0.000000 0.507909 0.000000 -0.861411 1.000000 1.000000 1.000000
4897.210938 0.000000 1800.458496 0.000000 0.986641 0.000000 0.162907 0.000000 0.000000 0.000000
4897.496582 0.000000 1775.246338 0.000000 0.917160 0.000000 -0.398520 0.000000 0.000000 0.000000
4902.352539 0.000000 1800.204102 0.000000 0.326004 0.000000 0.945368 1.000000 1.000000 1.000000
4915.473145 0.000000 1791.393555 0.000000 0.981179 0.000000 0.193102 0.000000 0.000000 0.000000
4903.437012 0.000000 1778.397583 0.000000 0.999998 0.000000 -0.002174 1.000000 1.000000 1.000000
4866.854492 0.000000 1798.562622 0.000000 0.864957 0.000000 0.501846 0.000000 0.000000 0.000000
4913.258789 0.000000 1788.472656 0.000000 0.994004 0.000000 -0.109343 0.000000 0.000000 0.000000
4921.397461 0.000000 1789.165894 0.000000 0.503515 0.000000 -0.863987 0.000000 0.000000 0.000000
4896.505859 0.000000 1795.673462 0.000000 0.934836 0.000000 0.355080 1.000000 1.000000 1.000000
4893.193848 0.000000 1777.226807 0.000000 0.650304 0.000000 -0.759674 0.000000 0.000000 0.000000
4887.550293 0.000000 1792.804565 0.000000 0.396517 0.000000 -0.918027 0.000000 0.000000 0.000000
4865.439453 0.000000 1775.395020 0.000000 0.929106 0.000000 -0.369815 0.000000 0.000000 0.000000
4912.749512 0.000000 1773.623291 0.000000 0.403079 0.000000 0.915165 0.000000 0.000000 0.000000
4908.435059 0.000000 1786.990723 0.000000 0.932728 0.000000 -0.360580 0.000000 0.000000 0.000000
4896.249023 0.000000 1779.391357 0.000000 0.697755 0.000000 -0.716337 1.000000 1.000000 1.000000
4904.552734 0.000000 1803.866821 0.000000 0.767323 0.000000 -0.641261 0.000000 0.000000 0.000000
4901.382812 0.000000 1778.597656 0.000000 0.921793 0.000000 0.387682 1.000000 1.000000 1.000000
4900.267090 0.000000 1775.906372 0.000000 0.999262 0.000000 0.038404 0.000000 0.000000 0.000000
4900.845703 0.000000 1796.995483 0.000000 0.913039 0.000000 -0.407873 0.000000 0.000000 0.000000
4892.530762 0.000000 1792.690552 0.000000 0.973002 0.000000 -0.230795 1.000000 1.000000 1.000000
4878.853027 0.000000 1767.917358 0.000000 0.645216 0.000000 -0.764000 0.000000 0.000000 0.000000
4898.607422 0.000000 1803.409546 0.000000 0.560037 0.000000 -0.828467 0.000000 0.000000 0.000000
4899.914551 0.000000 1779.774780 0.000000 0.941592 0.000000 0.336755 1.000000 1.000000 1.000000
4911.125977 0.000000 1789.932739 0.000000 0.995860 0.000000 -0.090898 1.000000 1.000000 1.000000
4897.556152 0.000000 1777.689941 0.000000 0.643649 0.000000 -0.765321 1.000000 1.000000 1.000000
4892.327637 0.000000 1778.834229 0.000000 0.824524 0.000000 -0.565827 1.000000 1.000000 1.000000
4894.384766 0.000000 1792.610352 0.000000 0.257283 0.000000 -0.966336 0.000000 0.000000 0.000000
4885.837891 0.000000 1795.962891 0.000000 0.068913 0.000000 -0.997623 1.000000 1.000000 1.000000
4898.170410 0.000000 1779.372925 0.000000 0.999515 0.000000 0.031132 1.000000 1.000000 1.000000
4915.232422 0.000000 1770.369507 0.000000 0.829693 0.000000 0.558221 0.000000 0.000000 0.000000
4895.343262 0.000000 1794.152466 0.000000 0.157046 0.000000 0.987591 1.000000 1.000000 1.000000
4900.916992 0.000000 1802.756836 0.000000 0.974568 0.000000 0.224092 1.000000 1.000000 1.000000
4894.632324 0.000000 1778.325806 0.000000 0.797243 0.000000 0.603658 1.000000 1.000000 1.000000
4884.010742 0.000000 1795.224976 0.000000 0.963180 0.000000 -0.268858 1.000000 1.000000 1.000000
4956.282227 0.000000 1787.911621 0.000000 0.243222 0.000000 0.969971 0.000000 0.000000 0.000000
4980.449707 0.000000 1783.776123 0.000000 0.833435 0.000000 -0.552617 0.000000 0.000000 0.000000
4931.716309 0.000000 1792.121826 0.000000 0.330189 0.000000 -0.943915 0.000000 0.000000 0.000000
4942.124512 0.000000 1780.024414 0.000000 0.972374 0.000000 0.233427 0.000000 0.000000 0.000000
4941.066406 0.000000 1804.231812 0.000000 0.347847 0.000000 0.937551 0.000000 0.000000 0.000000
4977.916504 0.000000 1768.805664 0.000000 0.793751 0.000000 -0.608243 0.000000 0.000000 0.000000
4928.390625 0.000000 1794.565796 0.000000 0.821627 0.000000 0.570025 0.000000 0.000000 0.000000
4981.757812 0.000000 1770.380371 0.000000 0.067383 0.000000 -0.997727 0.000000 0.000000 0.000000
4978.335449 0.000000 1771.908691 0.000000 0.926038 0.000000 -0.377430 0.000000 0.000000 0.000000
5120.390625 0.000000 1568.628296 0.000000 0.168285 0.000000 0.985738 0.000000 0.000000 0.000000
5129.889160 0.000000 1580.343140 0.000000 0.972140 0.000000 -0.234401 0.000000 0.000000 0.000000
5123.167969 0.000000 1569.030762 0.000000 0.867378 0.000000 0.497649 0.000000 0.000000 0.000000
5120.956543 0.000000 1566.197998 0.000000 0.774143 0.000000 -0.633011 0.000000 0.000000 0.000000
5129.437988 0.000000 1582.380127 0.000000 0.499174 0.000000 -0.866502 0.000000 0.000000 0.000000
5949.733887 0.000000 1672.257080 0.000000 0.991091 0.000000 -0.133187 0.000000 0.000000 0.000000
5934.271484 0.000000 1675.335327 0.000000 0.916597 0.000000 0.399813 0.000000 0.000000 0.000000
5924.049805 0.000000 1674.336426 0.000000 0.886780 0.000000 0.462191 0.000000 0.000000 0.000000
5939.720703 0.000000 1675.918701 0.000000 0.090558 0.000000 0.995891 0.000000 0.000000 0.000000
5944.634766 0.000000 1673.835449 0.000000 0.476131 0.000000 -0.879375 0.000000 0.000000 0.000000
5950.018555 0.000000 1663.942017 0.000000 0.995795 0.000000 0.091612 0.000000 0.000000 0.000000
5929.764648 0.000000 1666.371094 0.000000 0.056031 0.000000 -0.998429 0.000000 0.000000 0.000000
5937.158691 0.000000 1672.675293 0.000000 0.708885 0.000000 0.705324 0.000000 0.000000 0.000000
5936.763672 0.000000 1677.853271 0.000000 0.986827 0.000000 0.161778 0.000000 0.000000 0.000000
5941.610352 0.000000 1673.539673 0.000000 0.889114 0.000000 0.457685 0.000000 0.000000 0.000000
5946.988770 0.000000 1671.680908 0.000000 0.024330 0.000000 0.999704 0.000000 0.000000 0.000000
5937.258789 0.000000 1675.503906 0.000000 0.199575 0.000000 -0.979883 0.000000 0.000000 0.000000
5939.339844 0.000000 1673.336182 0.000000 0.270791 0.000000 0.962638 1.000000 1.000000 1.000000
5952.315430 0.000000 1664.472412 0.000000 0.338322 0.000000 -0.941030 0.000000 0.000000 0.000000
4850.317383 0.000000 1810.691162 0.000000 0.558040 0.000000 -0.829814 0.000000 0.000000 0.000000
4846.271484 0.000000 1901.272827 0.000000 0.999937 0.000000 0.011254 0.000000 0.000000 0.000000
4782.917969 0.000000 1941.783447 0.000000 0.249241 0.000000 0.968442 0.000000 0.000000 0.000000
4780.304199 0.000000 1944.168091 0.000000 0.340781 0.000000 -0.940143 0.000000 0.000000 0.000000
4814.146973 0.000000 1942.322266 0.000000 0.728572 0.000000 -0.684969 0.000000 0.000000 0.000000
4803.605469 0.000000 1943.745361 0.000000 0.082529 0.000000 -0.996589 0.000000 0.000000 0.000000
4805.852539 0.000000 1943.314331 0.000000 0.999834 0.000000 -0.018207 0.000000 0.000000 0.000000
4799.450684 0.000000 1984.882446 0.000000 0.212767 0.000000 -0.977103 0.000000 0.000000 0.000000
4902.465332 0.000000 1832.597778 0.000000 0.433111 0.000000 0.901341 0.000000 0.000000 0.000000
4921.915527 0.000000 1818.214722 0.000000 0.491514 0.000000 0.870870 0.000000 0.000000 0.000000
4894.773926 0.000000 1823.971680 0.000000 0.788150 0.000000 0.615483 0.000000 0.000000 0.000000
4901.443359 0.000000 1827.302002 0.000000 0.260638 0.000000 -0.965437 0.000000 0.000000 0.000000
4913.044434 0.000000 1856.183960 0.000000 0.557946 0.000000 0.829877 0.000000 0.000000 0.000000
4894.600098 0.000000 1857.203613 0.000000 0.902843 0.000000 -0.429971 0.000000 0.000000 0.000000
4918.117188 0.000000 1814.521362 0.000000 0.597559 0.000000 -0.801825 0.000000 0.000000 0.000000
4900.590332 0.000000 1817.506714 0.000000 0.983713 0.000000 0.179746 0.000000 0.000000 0.000000
4915.521484 0.000000 1835.508911 0.000000 0.993480 0.000000 -0.114006 0.000000 0.000000 0.000000
4901.993652 0.000000 1837.063354 0.000000 0.201895 0.000000 -0.979407 0.000000 0.000000 0.000000
4894.227539 0.000000 1812.057373 0.000000 0.955249 0.000000 -0.295802 0.000000 0.000000 0.000000
4896.344727 0.000000 1845.817627 0.000000 0.877361 0.000000 -0.479832 0.000000 0.000000 0.000000
4921.786621 0.000000 1812.024780 0.000000 0.073416 0.000000 0.997301 0.000000 0.000000 0.000000
4900.219727 0.000000 1847.657471 0.000000 0.990609 0.000000 -0.136727 0.000000 0.000000 0.000000
4898.040527 0.000000 1825.804932 0.000000 0.283430 0.000000 0.958993 0.000000 0.000000 0.000000
4925.449707 0.000000 1816.986206 0.000000 0.175655 0.000000 0.984452 1.000000 1.000000 1.000000
4898.139648 0.000000 1809.226318 0.000000 0.708720 0.000000 -0.705490 0.000000 0.000000 0.000000
4918.755859 0.000000 1833.595459 0.000000 0.237021 0.000000 -0.971505 0.000000 0.000000 0.000000
4899.650879 0.000000 1830.442383 0.000000 0.936548 0.000000 0.350541 0.000000 0.000000 0.000000
4900.675781 0.000000 1840.342041 0.000000 0.850921 0.000000 0.525293 1.000000 1.000000 1.000000
4903.131348 0.000000 1842.479126 0.000000 0.986623 0.000000 0.163018 0.000000 0.000000 0.000000
4922.815430 0.000000 1815.069092 0.000000 0.419631 0.000000 -0.907695 1.000000 1.000000 1.000000
4916.392090 0.000000 1855.886719 0.000000 0.931333 0.000000 -0.364170 0.000000 0.000000 0.000000
4918.469238 0.000000 1817.654053 0.000000 0.037777 0.000000 -0.999286 0.000000 0.000000 0.000000
4894.662598 0.000000 1853.690430 0.000000 0.953634 0.000000 0.300968 0.000000 0.000000 0.000000
4900.193359 0.000000 1814.958984 0.000000 0.650841 0.000000 0.759214 0.000000 0.000000 0.000000
4915.409180 0.000000 1832.986206 0.000000 0.843801 0.000000 0.536656 0.000000 0.000000 0.000000
4902.658203 0.000000 1815.720947 0.000000 0.313820 0.000000 0.949482 0.000000 0.000000 0.000000
4925.258301 0.000000 1819.514282 0.000000 0.831692 0.000000 0.555237 1.000000 1.000000 1.000000
4920.357422 0.000000 1815.846924 0.000000 0.997485 0.000000 0.070881 1.000000 1.000000 1.000000
4897.210938 0.000000 1856.942871 0.000000 0.501748 0.000000 -0.865014 0.000000 0.000000 0.000000
4898.441895 0.000000 1841.463379 0.000000 0.980163 0.000000 -0.198194 1.000000 1.000000 1.000000
4914.714844 0.000000 1857.972900 0.000000 0.620488 0.000000 0.784216 0.000000 0.000000 0.000000
4900.142090 0.000000 1807.595215 0.000000 0.289607 0.000000 -0.957146 0.000000 0.000000 0.000000
4899.024414 0.000000 1828.072144 0.000000 0.026858 0.000000 0.999639 1.000000 1.000000 1.000000
4898.794434 0.000000 1845.759521 0.000000 0.773230 0.000000 0.634125 1.000000 1.000000 1.000000
4899.886719 0.000000 1838.124512 0.000000 0.302479 0.000000 -0.953156 0.000000 0.000000 0.000000
4899.097656 0.000000 1849.600098 0.000000 0.566057 0.000000 -0.824366 0.000000 0.000000 0.000000
4897.958496 0.000000 1847.729004 0.000000 0.985515 0.000000 0.169587 0.000000 0.000000 0.000000
4927.211914 0.000000 1818.331787 0.000000 0.976065 0.000000 -0.217477 0.000000 0.000000 0.000000
4895.953125 0.000000 1813.175171 0.000000 0.973925 0.000000 0.226869 0.000000 0.000000 0.000000
4900.267090 0.000000 1832.390747 0.000000 0.888574 0.000000 0.458734 0.000000 0.000000 0.000000
4924.870605 0.000000 1814.892456 0.000000 0.002584 0.000000 0.999997 0.000000 0.000000 0.000000
4923.533691 0.000000 1813.074829 0.000000 0.651220 0.000000 0.758889 0.000000 0.000000 0.000000
4901.990723 0.000000 1844.137329 0.000000 0.466935 0.000000 -0.884292 1.000000 1.000000 1.000000
4898.286621 0.000000 1811.127686 0.000000 0.974322 0.000000 -0.225158 0.000000 0.000000 0.000000
4916.948730 0.000000 1834.226074 0.000000 0.901392 0.000000 0.433004 0.000000 0.000000 0.000000
4923.459473 0.000000 1816.860107 0.000000 0.185028 0.000000 -0.982733 1.000000 1.000000 1.000000
4923.325195 0.000000 1819.615356 0.000000 0.624156 0.000000 -0.781299 0.000000 0.000000 0.000000
4901.000000 0.000000 1842.181519 0.000000 0.572804 0.000000 0.819692 1.000000 1.000000 1.000000
4899.805176 0.000000 1826.414307 0.000000 0.113255 0.000000 -0.993566 1.000000 1.000000 1.000000
4900.653320 0.000000 1845.764893 0.000000 0.944681 0.000000 -0.327991 1.000000 1.000000 1.000000
4900.762207 0.000000 1829.005127 0.000000 0.720473 0.000000 -0.693483 0.000000 0.000000 0.000000
4899.859863 0.000000 1813.182373 0.000000 0.685086 0.000000 0.728462 1.000000 1.000000 1.000000
4898.022949 0.000000 1829.535767 0.000000 0.157743 0.000000 -0.987480 1.000000 1.000000 1.000000
4920.204590 0.000000 1817.760864 0.000000 0.921746 0.000000 0.387794 1.000000 1.000000 1.000000
4941.467773 0.000000 1823.055298 0.000000 0.982969 0.000000 0.183774 0.000000 0.000000 0.000000
4945.626465 0.000000 1812.709473 0.000000 0.109760 0.000000 -0.993958 0.000000 0.000000 0.000000
4941.333984 0.000000 1811.829346 0.000000 0.397060 0.000000 0.917793 0.000000 0.000000 0.000000
4933.348633 0.000000 1815.941772 0.000000 0.811220 0.000000 0.584741 0.000000 0.000000 0.000000
4928.110840 0.000000 1817.864502 0.000000 0.739719 0.000000 -0.672916 0.000000 0.000000 0.000000
4938.448242 0.000000 1811.104980 0.000000 0.183661 0.000000 0.982990 0.000000 0.000000 0.000000
4943.844238 0.000000 1810.627197 0.000000 0.343001 0.000000 -0.939335 0.000000 0.000000 0.000000
4932.015137 0.000000 1813.587036 0.000000 0.256383 0.000000 0.966575 0.000000 0.000000 0.000000
4936.000977 0.000000 1811.561279 0.000000 0.437848 0.000000 -0.899049 0.000000 0.000000 0.000000
4940.231934 0.000000 1810.336548 0.000000 0.943186 0.000000 -0.332265 0.000000 0.000000 0.000000
4892.282227 0.000000 1900.880371 0.000000 0.175907 0.000000 -0.984407 0.000000 0.000000 0.000000
4894.802246 0.000000 1864.045532 0.000000 0.975128 0.000000 0.221642 0.000000 0.000000 0.000000
4889.550293 0.000000 1875.585815 0.000000 0.331261 0.000000 0.943539 1.000000 1.000000 1.000000
4888.357910 0.000000 1872.495361 0.000000 0.999840 0.000000 -0.017860 0.000000 0.000000 0.000000
4886.909180 0.000000 1874.984253 0.000000 0.953757 0.000000 -0.300580 0.000000 0.000000 0.000000
4847.844727 0.000000 2040.547974 0.000000 0.173343 0.000000 0.984861 0.000000 0.000000 0.000000
4828.263672 0.000000 2042.733521 0.000000 0.334270 0.000000 0.942477 0.000000 0.000000 0.000000
4851.006836 0.000000 2041.882568 0.000000 0.653814 0.000000 0.756656 0.000000 0.000000 0.000000
4824.357910 0.000000 2041.948486 0.000000 0.696915 0.000000 -0.717154 0.000000 0.000000 0.000000
4828.903809 0.000000 2040.058838 0.000000 0.841057 0.000000 -0.540947 0.000000 0.000000 0.000000
4212.449707 0.000000 2348.619873 0.000000 0.993344 0.000000 -0.115190 0.000000 0.000000 0.000000
4198.465332 0.000000 2340.957031 0.000000 0.865022 0.000000 -0.501734 0.000000 0.000000 0.000000
4216.634766 0.000000 2351.647949 0.000000 0.892283 0.000000 -0.451477 0.000000 0.000000 0.000000
4285.041992 0.000000 2315.033203 0.000000 0.697886 0.000000 0.716209 0.000000 0.000000 0.000000
4287.097656 0.000000 2298.764160 0.000000 0.319425 0.000000 -0.947612 0.000000 0.000000 0.000000
4286.112305 0.000000 2303.293701 0.000000 0.717742 0.000000 -0.696309 0.000000 0.000000 0.000000
4282.308594 0.000000 2303.974609 0.000000 0.983249 0.000000 0.182267 0.000000 0.000000 0.000000
4287.035645 0.000000 2300.983154 0.000000 0.662627 0.000000 -0.748949 0.000000 0.000000 0.000000
4242.736816 0.000000 2365.980469 0.000000 0.898213 0.000000 -0.439560 0.000000 0.000000 0.000000
4251.221680 0.000000 2361.887939 0.000000 0.957512 0.000000 -0.288395 0.000000 0.000000 0.000000
4268.186523 0.000000 2363.567627 0.000000 0.069031 0.000000 0.997615 0.000000 0.000000 0.000000
4273.044434 0.000000 2364.543213 0.000000 0.480319 0.000000 0.877094 0.000000 0.000000 0.000000
4262.720703 0.000000 2362.593994 0.000000 0.999999 0.000000 0.001437 0.000000 0.000000 0.000000
4247.427734 0.000000 2364.854736 0.000000 0.452740 0.000000 -0.891643 0.000000 0.000000 0.000000
4286.112305 0.000000 2359.778076 0.000000 0.445483 0.000000 0.895290 0.000000 0.000000 0.000000
4244.194824 0.000000 2361.772217 0.000000 0.931586 0.000000 -0.363521 0.000000 0.000000 0.000000
4265.927734 0.000000 2360.592529 0.000000 0.824513 0.000000 -0.565843 0.000000 0.000000 0.000000
4246.697754 0.000000 2362.377930 0.000000 0.736460 0.000000 -0.676481 0.000000 0.000000 0.000000
4262.352539 0.000000 2365.047852 0.000000 0.918100 0.000000 0.396348 1.000000 1.000000 1.000000
4270.583984 0.000000 2364.639893 0.000000 0.579071 0.000000 -0.815277 0.000000 0.000000 0.000000
4264.666504 0.000000 2362.181885 0.000000 0.916751 0.000000 -0.399459 0.000000 0.000000 0.000000
4313.924805 0.000000 2369.099854 0.000000 0.478101 0.000000 0.878305 0.000000 0.000000 0.000000
4326.720703 0.000000 2362.593994 0.000000 0.961060 0.000000 -0.276340 0.000000 0.000000 0.000000
4301.883301 0.000000 2364.355469 0.000000 0.338261 0.000000 -0.941052 0.000000 0.000000 0.000000
4309.636230 0.000000 2370.361572 0.000000 0.690695 0.000000 -0.723147 0.000000 0.000000 0.000000
4305.114746 0.000000 2370.419189 0.000000 0.958280 0.000000 0.285830 0.000000 0.000000 0.000000
4313.164062 0.000000 2371.718750 0.000000 0.276827 0.000000 0.960920 0.000000 0.000000 0.000000
4324.101074 0.000000 2363.720703 0.000000 0.778091 0.000000 0.628151 0.000000 0.000000 0.000000
4289.278809 0.000000 2361.734619 0.000000 0.711945 0.000000 0.702236 1.000000 1.000000 1.000000
4344.713379 0.000000 2345.282471 0.000000 0.119397 0.000000 0.992847 0.000000 0.000000 0.000000
4298.837402 0.000000 2367.467529 0.000000 0.616186 0.000000 0.787601 1.000000 1.000000 1.000000
4281.426758 0.000000 2389.742676 0.000000 0.455431 0.000000 0.890271 0.000000 0.000000 0.000000
4313.268555 0.000000 2388.752930 0.000000 0.979357 0.000000 -0.202138 0.000000 0.000000 0.000000
4314.661621 0.000000 2393.781494 0.000000 0.986840 0.000000 0.161702 0.000000 0.000000 0.000000
4305.626465 0.000000 2377.553223 0.000000 0.464144 0.000000 -0.885760 0.000000 0.000000 0.000000
4301.333984 0.000000 2376.673096 0.000000 0.869047 0.000000 -0.494730 0.000000 0.000000 0.000000
4306.974121 0.000000 2373.746582 0.000000 0.850808 0.000000 0.525477 0.000000 0.000000 0.000000
4303.844238 0.000000 2375.470947 0.000000 0.206439 0.000000 0.978459 1.000000 1.000000 1.000000
4315.116211 0.000000 2390.819092 0.000000 0.994576 0.000000 0.104013 0.000000 0.000000 0.000000
4312.755859 0.000000 2391.692871 0.000000 0.624147 0.000000 -0.781307 1.000000 1.000000 1.000000
4302.121582 0.000000 2374.362305 0.000000 0.057454 0.000000 -0.998348 1.000000 1.000000 1.000000
4312.050781 0.000000 2390.056641 0.000000 0.971530 0.000000 -0.236915 1.000000 1.000000 1.000000
"}
