object={
	name="arabic_dynamic_forestry_objects_generator_1_0"
	clamp_to_water_level=no
	render_under_water=no
	generated_content=yes
	layer="forestry_dynamic"
	pdxmesh="arabic_forestry_scatter_01_mesh"
	count=16
	transform="5059.834473 0.000000 1525.080688 0.000000 0.030063 0.000000 0.999548 0.000000 0.000000 0.000000
5089.639160 0.000000 1555.115723 0.000000 0.297298 0.000000 0.954785 0.000000 0.000000 0.000000
5082.840820 0.000000 1551.782471 0.000000 0.346713 0.000000 0.937971 0.000000 0.000000 0.000000
4899.530762 0.000000 1801.604126 0.000000 0.936015 0.000000 0.351959 0.000000 0.000000 0.000000
4947.921875 0.000000 1775.341064 0.000000 0.621338 0.000000 0.783542 0.000000 0.000000 0.000000
5126.599121 0.000000 1578.179077 0.000000 0.282266 0.000000 0.959336 0.000000 0.000000 0.000000
4905.206543 0.000000 1816.043701 0.000000 0.446296 0.000000 0.894885 0.000000 0.000000 0.000000
4914.281250 0.000000 1850.569214 0.000000 0.072258 0.000000 0.997386 0.000000 0.000000 0.000000
4916.600586 0.000000 1830.713867 0.000000 0.596108 0.000000 0.802904 0.000000 0.000000 0.000000
4896.264648 0.000000 1829.368530 0.000000 0.636245 0.000000 0.771487 0.000000 0.000000 0.000000
4925.524414 0.000000 1813.013428 0.000000 0.626561 0.000000 0.779373 0.000000 0.000000 0.000000
4900.049805 0.000000 1843.789551 0.000000 0.293010 0.000000 0.956109 1.000000 1.000000 1.000000
4898.074219 0.000000 1813.019775 0.000000 0.953333 0.000000 0.301920 1.000000 1.000000 1.000000
4937.453613 0.000000 1813.819336 0.000000 0.730615 0.000000 0.682790 0.000000 0.000000 0.000000
4288.354004 0.000000 2363.827148 0.000000 0.428652 0.000000 0.903470 0.000000 0.000000 0.000000
4303.347656 0.000000 2372.627930 0.000000 0.666313 0.000000 0.745672 0.000000 0.000000 0.000000
"}
object={
	name="arabic_dynamic_forestry_objects_generator_1_1"
	clamp_to_water_level=no
	render_under_water=no
	generated_content=yes
	layer="forestry_dynamic"
	pdxmesh="arabic_forestry_scatter_02_mesh"
	count=13
	transform="5084.282227 0.000000 1561.974121 0.000000 0.803469 0.000000 -0.595346 0.000000 0.000000 0.000000
5088.264648 0.000000 1546.946655 0.000000 0.036212 0.000000 -0.999344 0.000000 0.000000 0.000000
4864.354004 0.000000 1798.983521 0.000000 0.876698 0.000000 -0.481042 0.000000 0.000000 0.000000
4914.281250 0.000000 1794.084839 0.000000 0.209216 0.000000 -0.977869 0.000000 0.000000 0.000000
4877.467773 0.000000 1766.570923 0.000000 0.674595 0.000000 -0.738188 0.000000 0.000000 0.000000
4867.716309 0.000000 1792.121826 0.000000 0.390668 0.000000 -0.920532 0.000000 0.000000 0.000000
4910.271484 0.000000 1788.304077 0.000000 0.990501 0.000000 -0.137505 1.000000 1.000000 1.000000
4902.465332 0.000000 1776.113403 0.000000 0.801178 0.000000 -0.598426 1.000000 1.000000 1.000000
5123.716309 0.000000 1566.184326 0.000000 0.782514 0.000000 -0.622633 0.000000 0.000000 0.000000
4781.233887 0.000000 1946.366089 0.000000 0.284097 0.000000 -0.958795 0.000000 0.000000 0.000000
4807.674805 0.000000 1944.414795 0.000000 0.979370 0.000000 -0.202073 0.000000 0.000000 0.000000
4896.909180 0.000000 1849.743286 0.000000 0.980924 0.000000 -0.194391 1.000000 1.000000 1.000000
4931.589355 0.000000 1819.882202 0.000000 0.329357 0.000000 -0.944206 0.000000 0.000000 0.000000
"}
