object={
	name="asian_dynamic_forestry_objects_generator_1_0"
	clamp_to_water_level=no
	render_under_water=no
	generated_content=yes
	layer="forestry_dynamic"
	pdxmesh="asian_forestry_camp_01_mesh"
	count=63
	transform="6851.589355 0.000000 1311.522827 0.000000 0.776388 0.000000 0.630256 0.000000 0.000000 0.000000
6527.683594 0.000000 1368.665405 0.000000 0.804697 0.000000 0.593685 1.000000 1.000000 1.000000
6515.915527 0.000000 1367.666260 0.000000 0.541019 0.000000 0.841011 0.000000 0.000000 0.000000
6458.133789 0.000000 1439.573853 0.000000 0.978091 0.000000 0.208177 1.000000 1.000000 1.000000
6471.674805 0.000000 1436.055420 0.000000 0.289120 0.000000 0.957293 0.000000 0.000000 0.000000
6514.281250 0.000000 1455.178589 0.000000 0.628611 0.000000 0.777720 0.000000 0.000000 0.000000
6509.255371 0.000000 1466.984863 0.000000 0.346535 0.000000 0.938037 0.000000 0.000000 0.000000
6486.797363 0.000000 1413.083984 0.000000 0.635259 0.000000 0.772299 1.000000 1.000000 1.000000
6441.206543 0.000000 1477.137451 0.000000 0.705275 0.000000 0.708934 0.000000 0.000000 0.000000
6420.950195 0.000000 1477.762939 0.000000 0.397685 0.000000 0.917522 0.000000 0.000000 0.000000
6432.264648 0.000000 1490.462280 0.000000 0.490054 0.000000 0.871692 0.000000 0.000000 0.000000
6438.465332 0.000000 1493.691528 0.000000 0.984494 0.000000 0.175416 1.000000 1.000000 1.000000
6620.282227 0.000000 1505.489746 0.000000 0.860926 0.000000 0.508730 0.000000 0.000000 0.000000
6623.430176 0.000000 1479.365723 0.000000 0.983450 0.000000 0.181179 1.000000 1.000000 1.000000
6432.909180 0.000000 1623.805786 0.000000 0.320396 0.000000 0.947284 1.000000 1.000000 1.000000
6436.049805 0.000000 1617.852051 0.000000 0.242350 0.000000 0.970189 1.000000 1.000000 1.000000
6663.674805 0.000000 1436.055420 0.000000 0.224668 0.000000 0.974435 0.000000 0.000000 0.000000
6720.315430 0.000000 1438.534912 0.000000 0.942603 0.000000 0.333916 1.000000 1.000000 1.000000
6719.683594 0.000000 1481.634155 0.000000 0.753278 0.000000 0.657702 0.000000 0.000000 0.000000
6697.206543 0.000000 1533.621826 0.000000 0.920697 0.000000 0.390278 0.000000 0.000000 0.000000
6688.264648 0.000000 1546.946655 0.000000 0.961010 0.000000 0.276512 0.000000 0.000000 0.000000
6701.255371 0.000000 1579.953613 0.000000 0.985996 0.000000 0.166766 0.000000 0.000000 0.000000
6687.430176 0.000000 1535.850098 0.000000 0.328327 0.000000 0.944564 0.000000 0.000000 0.000000
6740.950195 0.000000 1534.247314 0.000000 0.990075 0.000000 0.140538 0.000000 0.000000 0.000000
7155.915527 0.000000 1424.150635 0.000000 0.912060 0.000000 0.410058 0.000000 0.000000 0.000000
6710.803711 0.000000 1583.628662 0.000000 0.946816 0.000000 0.321775 0.000000 0.000000 0.000000
7296.354004 0.000000 1347.108521 0.000000 0.961408 0.000000 0.275128 0.000000 0.000000 0.000000
7324.282227 0.000000 1336.036621 0.000000 0.006127 0.000000 0.999981 0.000000 0.000000 0.000000
7331.530762 0.000000 1349.729126 0.000000 0.397352 0.000000 0.917666 0.000000 0.000000 0.000000
7356.270508 0.000000 1347.474487 0.000000 0.883484 0.000000 0.468461 0.000000 0.000000 0.000000
7353.729980 0.000000 1339.930176 0.000000 0.491266 0.000000 0.871010 1.000000 1.000000 1.000000
7315.298340 0.000000 1317.087769 0.000000 0.905106 0.000000 0.425187 1.000000 1.000000 1.000000
7305.163574 0.000000 1338.441406 0.000000 0.926491 0.000000 0.376316 1.000000 1.000000 1.000000
7378.736816 0.000000 1349.261719 0.000000 0.832180 0.000000 0.554506 0.000000 0.000000 0.000000
7431.674805 0.000000 1323.086670 0.000000 0.071496 0.000000 0.997441 0.000000 0.000000 0.000000
7218.281250 0.000000 1398.694214 0.000000 0.304909 0.000000 0.952381 0.000000 0.000000 0.000000
7295.683594 0.000000 1368.665405 0.000000 0.827237 0.000000 0.561852 0.000000 0.000000 0.000000
7274.581543 0.000000 1374.429810 0.000000 0.811296 0.000000 0.584635 0.000000 0.000000 0.000000
7242.048340 0.000000 1401.125366 0.000000 0.814242 0.000000 0.580525 0.000000 0.000000 0.000000
7293.524414 0.000000 1361.138428 0.000000 0.951919 0.000000 0.306350 1.000000 1.000000 1.000000
7279.365234 0.000000 1386.428589 0.000000 0.975854 0.000000 0.218422 1.000000 1.000000 1.000000
7295.683594 0.000000 1425.149780 0.000000 0.994429 0.000000 0.105413 0.000000 0.000000 0.000000
7239.693359 0.000000 1443.941895 0.000000 0.665025 0.000000 0.746821 1.000000 1.000000 1.000000
7232.315430 0.000000 1438.534912 0.000000 0.345426 0.000000 0.938446 0.000000 0.000000 0.000000
7246.124512 0.000000 1441.118164 0.000000 0.528639 0.000000 0.848847 0.000000 0.000000 0.000000
7270.465332 0.000000 1437.207153 0.000000 0.291888 0.000000 0.956453 1.000000 1.000000 1.000000
7279.365234 0.000000 1442.912964 0.000000 0.714739 0.000000 0.699391 1.000000 1.000000 1.000000
7326.802246 0.000000 1355.686157 0.000000 0.850632 0.000000 0.525762 1.000000 1.000000 1.000000
7356.270508 0.000000 1403.958862 0.000000 0.019447 0.000000 0.999811 0.000000 0.000000 0.000000
7309.467773 0.000000 1371.180298 0.000000 0.856292 0.000000 0.516492 0.000000 0.000000 0.000000
7318.797363 0.000000 1356.599609 0.000000 0.829409 0.000000 0.558642 1.000000 1.000000 1.000000
7340.186523 0.000000 1403.333252 0.000000 0.935667 0.000000 0.352885 1.000000 1.000000 1.000000
7297.476562 0.000000 1362.083740 0.000000 0.862455 0.000000 0.506133 1.000000 1.000000 1.000000
7330.074219 0.000000 1361.144775 0.000000 0.034568 0.000000 0.999402 0.000000 0.000000 0.000000
7401.423340 0.000000 1388.047241 0.000000 0.987116 0.000000 0.160003 0.000000 0.000000 0.000000
7316.950195 0.000000 1421.278564 0.000000 0.157406 0.000000 0.987534 0.000000 0.000000 0.000000
7311.347656 0.000000 1412.393433 0.000000 0.045738 0.000000 0.998953 0.000000 0.000000 0.000000
7309.467773 0.000000 1427.664673 0.000000 0.995682 0.000000 0.092831 0.000000 0.000000 0.000000
7297.476562 0.000000 1418.568115 0.000000 0.904797 0.000000 0.425844 0.000000 0.000000 0.000000
7310.716309 0.000000 1421.843018 0.000000 0.864382 0.000000 0.502836 1.000000 1.000000 1.000000
7380.950195 0.000000 1421.278564 0.000000 0.085044 0.000000 0.996377 0.000000 0.000000 0.000000
7514.840820 0.000000 1382.329346 0.000000 0.109922 0.000000 0.993940 0.000000 0.000000 0.000000
7647.430176 0.000000 1366.396973 0.000000 0.723684 0.000000 0.690132 0.000000 0.000000 0.000000
"}
object={
	name="asian_dynamic_forestry_objects_generator_1_1"
	clamp_to_water_level=no
	render_under_water=no
	generated_content=yes
	layer="forestry_dynamic"
	pdxmesh="asian_forestry_camp_02_mesh"
	count=78
	transform="6642.281250 0.000000 1342.209839 0.000000 0.996024 0.000000 -0.089089 0.000000 0.000000 0.000000
6464.354004 0.000000 1403.592896 0.000000 0.375799 0.000000 -0.926701 0.000000 0.000000 0.000000
6509.901367 0.000000 1356.579468 0.000000 0.626998 0.000000 -0.779021 0.000000 0.000000 0.000000
6489.924805 0.000000 1408.865479 0.000000 0.739353 0.000000 -0.673318 0.000000 0.000000 0.000000
6450.281250 0.000000 1455.178589 0.000000 0.111298 0.000000 -0.993787 0.000000 0.000000 0.000000
6452.600586 0.000000 1435.323242 0.000000 0.148780 0.000000 -0.988870 1.000000 1.000000 1.000000
6463.419434 0.000000 1433.981445 0.000000 0.681281 0.000000 -0.732022 0.000000 0.000000 0.000000
6624.909180 0.000000 1454.352661 0.000000 0.721761 0.000000 -0.692142 0.000000 0.000000 0.000000
6428.282227 0.000000 1505.489746 0.000000 0.285588 0.000000 -0.958353 0.000000 0.000000 0.000000
6414.189453 0.000000 1505.037476 0.000000 0.999870 0.000000 -0.016110 1.000000 1.000000 1.000000
6611.921875 0.000000 1492.919189 0.000000 0.749354 0.000000 -0.662170 0.000000 0.000000 0.000000
6606.146973 0.000000 1490.447266 0.000000 0.890585 0.000000 -0.454817 0.000000 0.000000 0.000000
6428.282227 0.000000 1618.458496 0.000000 0.687083 0.000000 -0.726579 0.000000 0.000000 0.000000
6427.221680 0.000000 1627.591064 0.000000 0.745742 0.000000 -0.666235 0.000000 0.000000 0.000000
6677.035156 0.000000 1452.826538 0.000000 0.855844 0.000000 -0.517234 1.000000 1.000000 1.000000
6700.186523 0.000000 1459.817627 0.000000 0.460335 0.000000 -0.887745 0.000000 0.000000 0.000000
6720.290527 0.000000 1446.474487 0.000000 0.246133 0.000000 -0.969236 0.000000 0.000000 0.000000
6723.716309 0.000000 1453.215576 0.000000 0.453175 0.000000 -0.891422 1.000000 1.000000 1.000000
6836.885254 0.000000 1407.376099 0.000000 0.012452 0.000000 -0.999922 1.000000 1.000000 1.000000
6708.600586 0.000000 1491.807617 0.000000 0.770411 0.000000 -0.637548 0.000000 0.000000 0.000000
6686.802246 0.000000 1468.654907 0.000000 0.205623 0.000000 -0.978631 0.000000 0.000000 0.000000
6720.354004 0.000000 1516.561646 0.000000 0.607675 0.000000 -0.794186 0.000000 0.000000 0.000000
6752.264648 0.000000 1490.462280 0.000000 0.673728 0.000000 -0.738980 0.000000 0.000000 0.000000
6656.354004 0.000000 1573.046021 0.000000 0.327286 0.000000 -0.944925 0.000000 0.000000 0.000000
6761.423340 0.000000 1557.500366 0.000000 0.990737 0.000000 -0.135795 0.000000 0.000000 0.000000
6879.430176 0.000000 1479.365723 0.000000 0.364514 0.000000 -0.931198 1.000000 1.000000 1.000000
6838.803711 0.000000 1527.144287 0.000000 0.926928 0.000000 -0.375238 0.000000 0.000000 0.000000
6851.834473 0.000000 1525.080688 0.000000 0.946698 0.000000 -0.322123 0.000000 0.000000 0.000000
7156.600586 0.000000 1435.323242 0.000000 0.643845 0.000000 -0.765156 0.000000 0.000000 0.000000
7246.189453 0.000000 1335.584351 0.000000 0.066299 0.000000 -0.997800 0.000000 0.000000 0.000000
7284.885254 0.000000 1350.891724 0.000000 0.978641 0.000000 -0.205577 1.000000 1.000000 1.000000
7289.729980 0.000000 1339.930176 0.000000 0.531875 0.000000 -0.846823 0.000000 0.000000 0.000000
7328.264648 0.000000 1321.009155 0.000000 0.260684 0.000000 -0.965424 0.000000 0.000000 0.000000
7357.733887 0.000000 1333.350830 0.000000 0.731118 0.000000 -0.682251 0.000000 0.000000 0.000000
7306.048340 0.000000 1344.640991 0.000000 0.438448 0.000000 -0.898756 0.000000 0.000000 0.000000
7317.428223 0.000000 1331.488281 0.000000 0.943468 0.000000 -0.331462 1.000000 1.000000 1.000000
7317.035156 0.000000 1339.857788 0.000000 0.211589 0.000000 -0.977359 0.000000 0.000000 0.000000
7303.693359 0.000000 1330.973145 0.000000 0.945159 0.000000 -0.326611 0.000000 0.000000 0.000000
7321.924805 0.000000 1352.381104 0.000000 0.700987 0.000000 -0.713174 1.000000 1.000000 1.000000
7309.066406 0.000000 1352.356812 0.000000 0.999901 0.000000 -0.014101 1.000000 1.000000 1.000000
7327.273438 0.000000 1354.017090 0.000000 0.769662 0.000000 -0.638452 1.000000 1.000000 1.000000
7360.354004 0.000000 1347.108521 0.000000 0.977761 0.000000 -0.209722 0.000000 0.000000 0.000000
7410.281250 0.000000 1342.209839 0.000000 0.511880 0.000000 -0.859057 0.000000 0.000000 0.000000
7395.530762 0.000000 1349.729126 0.000000 0.582122 0.000000 -0.813102 0.000000 0.000000 0.000000
7405.255371 0.000000 1354.016113 0.000000 0.959040 0.000000 -0.283270 0.000000 0.000000 0.000000
7516.282227 0.000000 1279.552246 0.000000 0.638458 0.000000 -0.769656 0.000000 0.000000 0.000000
7444.950195 0.000000 1308.309814 0.000000 0.237805 0.000000 -0.971313 0.000000 0.000000 0.000000
7273.206543 0.000000 1364.168701 0.000000 0.980563 0.000000 -0.196205 0.000000 0.000000 0.000000
7232.354004 0.000000 1403.592896 0.000000 0.082886 0.000000 -0.996559 0.000000 0.000000 0.000000
7260.282227 0.000000 1392.520996 0.000000 0.403921 0.000000 -0.914794 0.000000 0.000000 0.000000
7284.600586 0.000000 1378.838867 0.000000 0.427520 0.000000 -0.904006 1.000000 1.000000 1.000000
7286.803711 0.000000 1357.691162 0.000000 0.999751 0.000000 -0.022315 0.000000 0.000000 0.000000
7273.423340 0.000000 1388.047241 0.000000 0.908158 0.000000 -0.418628 0.000000 0.000000 0.000000
7290.133789 0.000000 1383.089478 0.000000 0.215719 0.000000 -0.976455 1.000000 1.000000 1.000000
7278.271484 0.000000 1392.913452 0.000000 0.092722 0.000000 -0.995692 0.000000 0.000000 0.000000
7209.206543 0.000000 1420.653076 0.000000 0.894305 0.000000 -0.447457 0.000000 0.000000 0.000000
7220.600586 0.000000 1435.323242 0.000000 0.995993 0.000000 -0.089428 0.000000 0.000000 0.000000
7210.581543 0.000000 1430.914185 0.000000 0.880540 0.000000 -0.473971 0.000000 0.000000 0.000000
7232.290527 0.000000 1446.474487 0.000000 0.899046 0.000000 -0.437853 0.000000 0.000000 0.000000
7253.428223 0.000000 1444.457031 0.000000 0.498232 0.000000 -0.867044 0.000000 0.000000 0.000000
7331.530762 0.000000 1406.213501 0.000000 0.991860 0.000000 -0.127331 0.000000 0.000000 0.000000
7350.803711 0.000000 1357.691162 0.000000 0.900335 0.000000 -0.435197 0.000000 0.000000 0.000000
7299.589355 0.000000 1368.007202 0.000000 0.596823 0.000000 -0.802373 1.000000 1.000000 1.000000
7315.921875 0.000000 1379.950439 0.000000 0.263129 0.000000 -0.964761 0.000000 0.000000 0.000000
7327.430176 0.000000 1366.396973 0.000000 0.937115 0.000000 -0.349020 0.000000 0.000000 0.000000
7321.268555 0.000000 1372.034180 0.000000 0.835624 0.000000 -0.549302 1.000000 1.000000 1.000000
7348.885254 0.000000 1407.376099 0.000000 0.853394 0.000000 -0.521266 1.000000 1.000000 1.000000
7333.084961 0.000000 1370.422607 0.000000 0.994451 0.000000 -0.105203 1.000000 1.000000 1.000000
7322.616699 0.000000 1361.834473 0.000000 0.989485 0.000000 -0.144637 1.000000 1.000000 1.000000
7310.716309 0.000000 1365.358643 0.000000 0.385800 0.000000 -0.922582 1.000000 1.000000 1.000000
7326.773926 0.000000 1372.096680 0.000000 0.975926 0.000000 -0.218100 0.000000 0.000000 0.000000
7360.354004 0.000000 1403.592896 0.000000 0.994105 0.000000 -0.108422 0.000000 0.000000 0.000000
7361.476562 0.000000 1362.083740 0.000000 0.224136 0.000000 -0.974558 1.000000 1.000000 1.000000
7328.264648 0.000000 1433.977905 0.000000 0.989382 0.000000 -0.145336 0.000000 0.000000 0.000000
7305.453613 0.000000 1418.428711 0.000000 0.203958 0.000000 -0.978980 0.000000 0.000000 0.000000
7357.524414 0.000000 1417.622803 0.000000 0.248073 0.000000 -0.968741 1.000000 1.000000 1.000000
7326.773926 0.000000 1428.581055 0.000000 0.984817 0.000000 -0.173597 0.000000 0.000000 0.000000
7363.834473 0.000000 1412.111938 0.000000 0.932115 0.000000 -0.362161 0.000000 0.000000 0.000000
"}
