object={
	name="bush_dry_02_generator_1_0"
	clamp_to_water_level=no
	render_under_water=no
	generated_content=yes
	layer="semidynamic_medium"
	pdxmesh="tree_bush_05_mesh"
	count=284
	transform="4361.808105 0.000000 1730.236816 0.000000 0.577184 0.000000 0.816614 0.240309 0.240309 0.240309
4358.113770 0.000000 1733.489746 0.000000 0.788691 0.000000 0.614790 0.243863 0.243863 0.243863
4543.419434 0.000000 1772.887695 0.000000 0.955222 0.000000 0.295891 0.247347 0.247347 0.247347
4501.428223 0.000000 1783.363281 0.000000 0.135871 0.000000 0.990726 0.231243 0.231243 0.231243
4498.853027 0.000000 1787.623047 0.000000 0.450139 0.000000 0.892958 0.232569 0.232569 0.232569
4509.075684 0.000000 1803.415771 0.000000 0.814521 0.000000 0.580134 0.243935 0.243935 0.243935
4489.349609 0.000000 1803.570679 0.000000 0.250751 0.000000 0.968052 0.237133 0.237133 0.237133
4483.898438 0.000000 1803.772217 0.000000 0.253177 0.000000 0.967420 0.233095 0.233095 0.233095
4484.256348 0.000000 1806.531372 0.000000 0.613675 0.000000 0.789559 0.240571 0.240571 0.240571
4499.150879 0.000000 1784.777222 0.000000 0.916981 0.000000 0.398931 0.245953 0.245953 0.245953
4496.687988 0.000000 1786.200806 0.000000 0.207959 0.000000 0.978137 0.228334 0.228334 0.228334
4519.437012 0.000000 1778.397583 0.000000 0.591957 0.000000 0.805970 0.240698 0.240698 0.240698
4527.221680 0.000000 1784.314209 0.000000 0.974719 0.000000 0.223435 0.247672 0.247672 0.247672
4520.581055 0.000000 1781.280029 0.000000 0.961583 0.000000 0.274514 0.246989 0.246989 0.246989
4502.645996 0.000000 1781.681396 0.000000 0.589808 0.000000 0.807543 0.238120 0.238120 0.238120
4488.026367 0.000000 1805.469971 0.000000 0.061564 0.000000 0.998103 0.233846 0.233846 0.233846
4507.270508 0.000000 1802.761841 0.000000 0.253106 0.000000 0.967439 0.233381 0.233381 0.233381
4509.530273 0.000000 1805.189087 0.000000 0.970575 0.000000 0.240799 0.246592 0.246592 0.246592
4483.034668 0.000000 1805.173950 0.000000 0.974931 0.000000 0.222508 0.246429 0.246429 0.246429
4503.405273 0.000000 1780.384766 0.000000 0.991476 0.000000 0.130291 0.248349 0.248349 0.248349
4500.652832 0.000000 1784.674683 0.000000 0.471856 0.000000 0.881676 0.234505 0.234505 0.234505
4500.460938 0.000000 1782.240234 0.000000 0.769152 0.000000 0.639065 0.240935 0.240935 0.240935
4497.383301 0.000000 1787.523071 0.000000 0.458322 0.000000 0.888786 0.232577 0.232577 0.232577
4499.856934 0.000000 1788.755615 0.000000 0.199283 0.000000 0.979942 0.230716 0.230716 0.230716
4544.205078 0.000000 1773.434326 0.000000 0.954757 0.000000 0.297386 0.247286 0.247286 0.247286
4483.834473 0.000000 1807.502563 0.000000 0.213078 0.000000 0.977035 0.231845 0.231845 0.231845
4502.797363 0.000000 1808.474609 0.000000 0.999263 0.000000 0.038382 0.249448 0.249448 0.249448
4506.844238 0.000000 1809.217529 0.000000 0.917284 0.000000 0.398234 0.246140 0.246140 0.246140
4509.269531 0.000000 1809.659424 0.000000 0.438056 0.000000 0.898948 0.238458 0.238458 0.238458
4504.196777 0.000000 1813.768066 0.000000 0.376777 0.000000 0.926304 0.237580 0.237580 0.237580
4503.051758 0.000000 1810.547852 0.000000 0.663902 0.000000 0.747820 0.239798 0.239798 0.239798
4501.480469 0.000000 1811.258057 0.000000 0.934324 0.000000 0.356424 0.244973 0.244973 0.244973
4503.642578 0.000000 1814.919067 0.000000 0.762892 0.000000 0.646526 0.239316 0.239316 0.239316
4852.885254 0.000000 1972.219849 0.000000 0.928666 0.000000 0.370916 0.246715 0.246715 0.246715
4862.830566 0.000000 1967.703857 0.000000 0.365607 0.000000 0.930769 0.231816 0.231816 0.231816
4850.714844 0.000000 1970.941650 0.000000 0.998985 0.000000 0.045042 0.249345 0.249345 0.249345
4854.407227 0.000000 1973.504395 0.000000 0.997853 0.000000 0.065487 0.249209 0.249209 0.249209
4860.200684 0.000000 1964.541382 0.000000 0.179866 0.000000 0.983691 0.235035 0.235035 0.235035
4860.833984 0.000000 1970.197021 0.000000 0.024277 0.000000 0.999705 0.225386 0.225386 0.225386
4861.825195 0.000000 1971.134766 0.000000 0.205289 0.000000 0.978701 0.228291 0.228291 0.228291
4861.468262 0.000000 1968.955322 0.000000 0.756519 0.000000 0.653971 0.239456 0.239456 0.239456
4887.759277 0.000000 1908.110229 0.000000 0.998952 0.000000 0.045765 0.249531 0.249531 0.249531
4886.697754 0.000000 1910.503052 0.000000 0.704614 0.000000 0.709591 0.241777 0.241777 0.241777
4902.249512 0.000000 1917.676636 0.000000 0.760500 0.000000 0.649338 0.242237 0.242237 0.242237
4884.010742 0.000000 1908.193726 0.000000 0.681558 0.000000 0.731764 0.239445 0.239445 0.239445
4885.261719 0.000000 1911.145264 0.000000 0.940060 0.000000 0.341008 0.245406 0.245406 0.245406
4886.808594 0.000000 1907.003296 0.000000 0.307772 0.000000 0.951460 0.233512 0.233512 0.233512
4864.354004 0.000000 1968.436646 0.000000 0.532199 0.000000 0.846619 0.241241 0.241241 0.241241
4916.449707 0.000000 1953.229248 0.000000 0.510999 0.000000 0.859581 0.240606 0.240606 0.240606
4927.419434 0.000000 1942.340820 0.000000 0.327904 0.000000 0.944711 0.232749 0.232749 0.232749
4878.716309 0.000000 1930.202393 0.000000 0.645426 0.000000 0.763822 0.239882 0.239882 0.239882
4915.720703 0.000000 1958.340576 0.000000 0.997154 0.000000 0.075387 0.249371 0.249371 0.249371
4920.634766 0.000000 1956.257324 0.000000 0.986323 0.000000 0.164825 0.247742 0.247742 0.247742
4927.097656 0.000000 1959.857910 0.000000 0.736766 0.000000 0.676148 0.243512 0.243512 0.243512
4926.112305 0.000000 1964.387451 0.000000 0.166634 0.000000 0.986019 0.237913 0.237913 0.237913
4895.822266 0.000000 1946.529907 0.000000 0.054418 0.000000 0.998518 0.231166 0.231166 0.231166
4926.612305 0.000000 1972.109009 0.000000 0.959402 0.000000 0.282043 0.246297 0.246297 0.246297
4922.308594 0.000000 1965.068359 0.000000 0.769045 0.000000 0.639194 0.243205 0.243205 0.243205
4899.373047 0.000000 1947.412109 0.000000 0.610195 0.000000 0.792251 0.239270 0.239270 0.239270
4894.089844 0.000000 1949.404053 0.000000 0.300750 0.000000 0.953703 0.236654 0.236654 0.236654
4920.579102 0.000000 1969.631104 0.000000 0.974908 0.000000 0.222609 0.247919 0.247919 0.247919
4923.669434 0.000000 1940.173584 0.000000 0.500957 0.000000 0.865472 0.238378 0.238378 0.238378
4918.496094 0.000000 1949.777588 0.000000 0.968346 0.000000 0.249611 0.246890 0.246890 0.246890
4919.033203 0.000000 1958.916626 0.000000 0.763937 0.000000 0.645290 0.243083 0.243083 0.243083
4892.116211 0.000000 1975.884399 0.000000 0.786248 0.000000 0.617912 0.240875 0.240875 0.240875
4926.830566 0.000000 1967.703857 0.000000 0.631648 0.000000 0.775256 0.240477 0.240477 0.240477
4885.175293 0.000000 1955.686768 0.000000 0.585674 0.000000 0.810547 0.236640 0.236640 0.236640
4927.022949 0.000000 1974.634277 0.000000 0.069471 0.000000 0.997584 0.235289 0.235289 0.235289
4864.956543 0.000000 1961.588623 0.000000 0.940574 0.000000 0.339588 0.245653 0.245653 0.245653
4923.743652 0.000000 1971.196289 0.000000 0.615301 0.000000 0.788292 0.239657 0.239657 0.239657
4921.397461 0.000000 1958.619019 0.000000 0.593096 0.000000 0.805131 0.240654 0.240654 0.240654
4895.885254 0.000000 1939.658813 0.000000 0.999269 0.000000 0.038237 0.249631 0.249631 0.249631
4897.615234 0.000000 1974.564453 0.000000 0.276554 0.000000 0.960998 0.237394 0.237394 0.237394
4915.339844 0.000000 1955.758057 0.000000 0.010020 0.000000 0.999950 0.231540 0.231540 0.231540
4926.298340 0.000000 1969.939453 0.000000 0.101952 0.000000 0.994789 0.231805 0.231805 0.231805
4916.417969 0.000000 1950.793823 0.000000 0.898114 0.000000 0.439762 0.243620 0.243620 0.243620
4918.075195 0.000000 1942.013794 0.000000 0.029524 0.000000 0.999564 0.227394 0.227394 0.227394
4926.998535 0.000000 1944.450317 0.000000 0.581850 0.000000 0.813296 0.236751 0.236751 0.236751
4896.929688 0.000000 1976.946289 0.000000 0.894902 0.000000 0.446262 0.243850 0.243850 0.243850
4892.897949 0.000000 1942.107666 0.000000 0.127077 0.000000 0.991893 0.229776 0.229776 0.229776
4924.194824 0.000000 1956.057861 0.000000 0.441847 0.000000 0.897090 0.238016 0.238016 0.238016
4893.062500 0.000000 1938.145020 0.000000 0.507785 0.000000 0.861484 0.239309 0.239309 0.239309
4919.775879 0.000000 1948.193726 0.000000 0.580457 0.000000 0.814291 0.238271 0.238271 0.238271
4921.789062 0.000000 1939.830566 0.000000 0.712478 0.000000 0.701694 0.241626 0.241626 0.241626
4922.541992 0.000000 1969.639771 0.000000 0.237289 0.000000 0.971439 0.232219 0.232219 0.232219
4896.410645 0.000000 1937.838257 0.000000 0.957908 0.000000 0.287075 0.246929 0.246929 0.246929
4893.530273 0.000000 1974.642212 0.000000 0.662039 0.000000 0.749469 0.238393 0.238393 0.238393
4917.498535 0.000000 1957.944946 0.000000 0.597586 0.000000 0.801805 0.236994 0.236994 0.236994
4902.039062 0.000000 1938.570435 0.000000 0.952651 0.000000 0.304065 0.245999 0.245999 0.245999
4879.876465 0.000000 1928.916992 0.000000 0.775559 0.000000 0.631274 0.241152 0.241152 0.241152
4894.555664 0.000000 1942.806274 0.000000 0.689290 0.000000 0.724486 0.237104 0.237104 0.237104
4891.871582 0.000000 1940.536255 0.000000 0.948677 0.000000 0.316247 0.246315 0.246315 0.246315
4887.132812 0.000000 1958.417480 0.000000 0.788640 0.000000 0.614855 0.242127 0.242127 0.242127
4894.632324 0.000000 1947.778931 0.000000 0.351354 0.000000 0.936243 0.234949 0.234949 0.234949
4889.412598 0.000000 1960.580200 0.000000 0.173698 0.000000 0.984799 0.229042 0.229042 0.229042
4917.526855 0.000000 1954.404297 0.000000 0.612007 0.000000 0.790852 0.237588 0.237588 0.237588
4879.744141 0.000000 1931.429077 0.000000 0.076488 0.000000 0.997070 0.232607 0.232607 0.232607
4916.391602 0.000000 1956.923828 0.000000 0.834637 0.000000 0.550801 0.241845 0.241845 0.241845
4918.250977 0.000000 1948.232056 0.000000 0.136647 0.000000 0.990620 0.232327 0.232327 0.232327
4924.957031 0.000000 1945.234619 0.000000 0.580871 0.000000 0.813995 0.237921 0.237921 0.237921
4925.369629 0.000000 1967.764526 0.000000 0.698964 0.000000 0.715157 0.239257 0.239257 0.239257
4886.083008 0.000000 1956.910889 0.000000 0.703380 0.000000 0.710814 0.239489 0.239489 0.239489
4926.222168 0.000000 1943.180420 0.000000 0.565463 0.000000 0.824774 0.236472 0.236472 0.236472
4920.429688 0.000000 1957.664185 0.000000 0.582639 0.000000 0.812731 0.237061 0.237061 0.237061
4896.286133 0.000000 1945.346924 0.000000 0.774254 0.000000 0.632875 0.240762 0.240762 0.240762
4919.306152 0.000000 1942.292358 0.000000 0.978959 0.000000 0.204058 0.246986 0.246986 0.246986
4900.921387 0.000000 1938.959961 0.000000 0.141939 0.000000 0.989875 0.228426 0.228426 0.228426
4892.055664 0.000000 1946.993530 0.000000 0.812428 0.000000 0.583062 0.240170 0.240170 0.240170
4895.581055 0.000000 1943.187134 0.000000 0.307413 0.000000 0.951576 0.229973 0.229973 0.229973
4928.290527 0.000000 1954.833862 0.000000 0.163118 0.000000 0.986607 0.238145 0.238145 0.238145
4934.599121 0.000000 1973.569702 0.000000 0.565839 0.000000 0.824516 0.237688 0.237688 0.237688
4935.693359 0.000000 1952.301270 0.000000 0.477788 0.000000 0.878475 0.234702 0.234702 0.234702
4932.957031 0.000000 1966.635864 0.000000 0.212564 0.000000 0.977147 0.236072 0.236072 0.236072
4932.861816 0.000000 1948.423340 0.000000 0.287650 0.000000 0.957736 0.234473 0.234473 0.234473
4931.856934 0.000000 1970.540649 0.000000 0.925488 0.000000 0.378777 0.243817 0.243817 0.243817
4935.290527 0.000000 1963.313843 0.000000 0.095946 0.000000 0.995387 0.236976 0.236976 0.236976
4928.205078 0.000000 1942.887451 0.000000 0.507958 0.000000 0.861382 0.236428 0.236428 0.236428
4935.290527 0.000000 1955.141113 0.000000 0.829867 0.000000 0.557961 0.241909 0.241909 0.241909
4933.178223 0.000000 1945.838745 0.000000 0.649034 0.000000 0.760759 0.241826 0.241826 0.241826
4930.786133 0.000000 1955.369385 0.000000 0.684414 0.000000 0.729093 0.240057 0.240057 0.240057
4931.928711 0.000000 1950.600708 0.000000 0.006853 0.000000 0.999977 0.229404 0.229404 0.229404
4929.278809 0.000000 1966.343994 0.000000 0.679215 0.000000 0.733940 0.241487 0.241487 0.241487
4929.439453 0.000000 1944.848145 0.000000 0.936617 0.000000 0.350356 0.245007 0.245007 0.245007
4928.164062 0.000000 1976.807861 0.000000 0.964176 0.000000 0.265263 0.246959 0.246959 0.246959
4933.188477 0.000000 1963.208862 0.000000 0.205099 0.000000 0.978741 0.235397 0.235397 0.235397
4929.798828 0.000000 1970.407837 0.000000 0.065753 0.000000 0.997836 0.226047 0.226047 0.226047
4933.887695 0.000000 1951.297363 0.000000 0.413733 0.000000 0.910398 0.233574 0.233574 0.233574
4934.066895 0.000000 1953.604248 0.000000 0.713564 0.000000 0.700590 0.238930 0.238930 0.238930
4931.196289 0.000000 1966.219238 0.000000 0.894473 0.000000 0.447122 0.244474 0.244474 0.244474
4933.526367 0.000000 1961.534668 0.000000 0.751200 0.000000 0.660074 0.239989 0.239989 0.239989
4933.147461 0.000000 1974.457886 0.000000 0.794941 0.000000 0.606687 0.239666 0.239666 0.239666
4929.897461 0.000000 1943.260254 0.000000 0.803917 0.000000 0.594742 0.241672 0.241672 0.241672
4930.931152 0.000000 1951.943481 0.000000 0.330847 0.000000 0.943685 0.233754 0.233754 0.233754
4933.392090 0.000000 1970.208618 0.000000 0.997130 0.000000 0.075707 0.248834 0.248834 0.248834
4928.313965 0.000000 1970.210815 0.000000 0.424515 0.000000 0.905421 0.231978 0.231978 0.231978
4934.498535 0.000000 1975.011841 0.000000 0.837079 0.000000 0.547081 0.240787 0.240787 0.240787
4928.046387 0.000000 1975.232056 0.000000 0.764121 0.000000 0.645073 0.240307 0.240307 0.240307
4929.707031 0.000000 1968.972656 0.000000 0.456780 0.000000 0.889579 0.232584 0.232584 0.232584
4931.320312 0.000000 1969.256836 0.000000 0.454360 0.000000 0.890818 0.232507 0.232507 0.232507
4935.816406 0.000000 1950.931885 0.000000 0.896988 0.000000 0.442055 0.243570 0.243570 0.243570
4932.623047 0.000000 1951.855957 0.000000 0.048954 0.000000 0.998801 0.228154 0.228154 0.228154
4933.362305 0.000000 1973.153564 0.000000 0.698755 0.000000 0.715361 0.238756 0.238756 0.238756
4932.237305 0.000000 1972.003418 0.000000 0.808054 0.000000 0.589108 0.241114 0.241114 0.241114
4929.457031 0.000000 1971.585693 0.000000 0.633483 0.000000 0.773757 0.235919 0.235919 0.235919
4928.825195 0.000000 1972.760498 0.000000 0.968302 0.000000 0.249781 0.245982 0.245982 0.245982
4930.845215 0.000000 1970.212769 0.000000 0.248730 0.000000 0.968573 0.229001 0.229001 0.229001
4929.069824 0.000000 1973.978516 0.000000 0.366729 0.000000 0.930328 0.230976 0.230976 0.230976
4925.733887 0.000000 2011.163330 0.000000 0.160229 0.000000 0.987080 0.238033 0.238033 0.238033
4894.802246 0.000000 1977.014282 0.000000 0.578872 0.000000 0.815419 0.234825 0.234825 0.234825
4927.419434 0.000000 1998.825195 0.000000 0.997835 0.000000 0.065765 0.249378 0.249378 0.249378
4871.693359 0.000000 2008.785645 0.000000 0.594234 0.000000 0.804292 0.241514 0.241514 0.241514
4898.074219 0.000000 1982.472900 0.000000 0.153283 0.000000 0.988182 0.230854 0.230854 0.230854
4918.872070 0.000000 2023.287476 0.000000 0.845578 0.000000 0.533852 0.241037 0.241037 0.241037
4877.333984 0.000000 1981.282471 0.000000 0.791670 0.000000 0.610948 0.243601 0.243601 0.243601
4925.935547 0.000000 2006.983154 0.000000 0.365735 0.000000 0.930719 0.239397 0.239397 0.239397
4896.344727 0.000000 2015.270752 0.000000 0.929406 0.000000 0.369060 0.245919 0.245919 0.245919
4905.764648 0.000000 2005.277344 0.000000 0.986734 0.000000 0.162347 0.248061 0.248061 0.248061
4898.139648 0.000000 1978.679443 0.000000 0.701699 0.000000 0.712474 0.240819 0.240819 0.240819
4897.456543 0.000000 1990.878052 0.000000 0.939643 0.000000 0.342157 0.244747 0.244747 0.244747
4868.219238 0.000000 2009.587280 0.000000 0.988181 0.000000 0.153294 0.248338 0.248338 0.248338
4916.392090 0.000000 2025.339844 0.000000 0.982712 0.000000 0.185143 0.247571 0.247571 0.247571
4875.713867 0.000000 2014.956299 0.000000 0.067068 0.000000 0.997748 0.235688 0.235688 0.235688
4874.448242 0.000000 1980.558105 0.000000 0.545521 0.000000 0.838097 0.237037 0.237037 0.237037
4902.386719 0.000000 1999.301270 0.000000 0.995545 0.000000 0.094288 0.248804 0.248804 0.248804
4884.862305 0.000000 2025.620117 0.000000 0.569531 0.000000 0.821970 0.239853 0.239853 0.239853
4900.193359 0.000000 1984.412109 0.000000 0.945560 0.000000 0.325449 0.246938 0.246938 0.246938
4870.927734 0.000000 1983.300537 0.000000 0.588418 0.000000 0.808557 0.240332 0.240332 0.240332
4880.687988 0.000000 2012.138306 0.000000 0.998174 0.000000 0.060403 0.249304 0.249304 0.249304
4903.437012 0.000000 2004.335083 0.000000 0.549446 0.000000 0.835529 0.237345 0.237345 0.237345
4872.000977 0.000000 1981.014404 0.000000 0.013938 0.000000 0.999903 0.231975 0.231975 0.231975
4893.269531 0.000000 1979.112549 0.000000 0.604934 0.000000 0.796276 0.236174 0.236174 0.236174
4895.881836 0.000000 1979.602539 0.000000 0.462644 0.000000 0.886544 0.232655 0.232655 0.232655
4867.928711 0.000000 2007.085083 0.000000 0.991061 0.000000 0.133412 0.248467 0.248467 0.248467
4876.076660 0.000000 2012.263550 0.000000 0.724905 0.000000 0.688848 0.241202 0.241202 0.241202
4892.442383 0.000000 1976.970581 0.000000 0.998641 0.000000 0.052125 0.249170 0.249170 0.249170
4878.486328 0.000000 2015.634888 0.000000 0.780238 0.000000 0.625483 0.240953 0.240953 0.240953
4905.191406 0.000000 1979.083618 0.000000 0.393567 0.000000 0.919296 0.232348 0.232348 0.232348
4904.507812 0.000000 2001.375488 0.000000 0.777588 0.000000 0.628775 0.239899 0.239899 0.239899
4923.060547 0.000000 2019.545410 0.000000 0.413627 0.000000 0.910446 0.237894 0.237894 0.237894
4918.447266 0.000000 2026.162598 0.000000 0.707126 0.000000 0.707088 0.240956 0.240956 0.240956
4916.752441 0.000000 2023.350464 0.000000 0.606649 0.000000 0.794970 0.236149 0.236149 0.236149
4874.587402 0.000000 1990.233398 0.000000 0.365093 0.000000 0.930971 0.235655 0.235655 0.235655
4920.393555 0.000000 2022.079834 0.000000 0.184507 0.000000 0.982831 0.231498 0.231498 0.231498
4898.286621 0.000000 1980.580811 0.000000 0.208452 0.000000 0.978033 0.233396 0.233396 0.233396
4896.666016 0.000000 1977.592041 0.000000 0.681012 0.000000 0.732272 0.239077 0.239077 0.239077
4894.270508 0.000000 1986.229858 0.000000 0.795257 0.000000 0.606273 0.241381 0.241381 0.241381
4904.327148 0.000000 1999.224976 0.000000 0.720784 0.000000 0.693159 0.241563 0.241563 0.241563
4915.450195 0.000000 2029.792358 0.000000 0.387644 0.000000 0.921809 0.233861 0.233861 0.233861
4914.704590 0.000000 2024.877197 0.000000 0.864909 0.000000 0.501929 0.243305 0.243305 0.243305
4927.180664 0.000000 1983.054565 0.000000 0.819288 0.000000 0.573382 0.241387 0.241387 0.241387
4918.766602 0.000000 2021.553711 0.000000 0.452834 0.000000 0.891595 0.237667 0.237667 0.237667
4896.706543 0.000000 1981.102417 0.000000 0.885308 0.000000 0.465006 0.242303 0.242303 0.242303
4917.913086 0.000000 2024.627075 0.000000 0.599274 0.000000 0.800544 0.237892 0.237892 0.237892
4879.107910 0.000000 2012.148071 0.000000 0.427243 0.000000 0.904137 0.232026 0.232026 0.232026
4877.914551 0.000000 1995.196167 0.000000 0.981881 0.000000 0.189499 0.247400 0.247400 0.247400
4894.457031 0.000000 1980.003784 0.000000 0.504936 0.000000 0.863157 0.233424 0.233424 0.233424
4921.143066 0.000000 2020.731689 0.000000 0.887485 0.000000 0.460837 0.243469 0.243469 0.243469
4906.449707 0.000000 1979.713989 0.000000 0.645101 0.000000 0.764098 0.237136 0.237136 0.237136
4917.717285 0.000000 2022.435425 0.000000 0.618074 0.000000 0.786120 0.236366 0.236366 0.236366
4897.218262 0.000000 1979.772461 0.000000 0.508531 0.000000 0.861044 0.233491 0.233491 0.233491
4893.531738 0.000000 1977.796753 0.000000 0.068680 0.000000 0.997639 0.226094 0.226094 0.226094
4892.146484 0.000000 1978.313721 0.000000 0.929498 0.000000 0.368828 0.244330 0.244330 0.244330
4915.676270 0.000000 2028.265625 0.000000 0.987594 0.000000 0.157027 0.247830 0.247830 0.247830
4895.390625 0.000000 1980.895264 0.000000 0.997746 0.000000 0.067102 0.248931 0.248931 0.248931
4896.142090 0.000000 1990.671021 0.000000 0.764642 0.000000 0.644455 0.239466 0.239466 0.239466
4905.059570 0.000000 2000.270752 0.000000 0.015797 0.000000 0.999875 0.226901 0.226901 0.226901
4905.674316 0.000000 2001.251709 0.000000 0.787530 0.000000 0.616276 0.240137 0.240137 0.240137
4896.610840 0.000000 1978.735840 0.000000 0.716208 0.000000 0.697887 0.237706 0.237706 0.237706
4895.713379 0.000000 1978.093506 0.000000 0.699180 0.000000 0.714945 0.237323 0.237323 0.237323
4932.861816 0.000000 2004.907715 0.000000 0.395551 0.000000 0.918444 0.239501 0.239501 0.239501
4928.173340 0.000000 1978.777710 0.000000 0.999938 0.000000 0.011098 0.249825 0.249825 0.249825
4928.110840 0.000000 1987.317627 0.000000 0.664614 0.000000 0.747187 0.240573 0.240573 0.240573
4932.219238 0.000000 2009.587280 0.000000 0.451595 0.000000 0.892223 0.240128 0.240128 0.240128
4930.492188 0.000000 1980.542725 0.000000 0.086866 0.000000 0.996220 0.231293 0.231293 0.231293
4930.759766 0.000000 1986.067749 0.000000 0.992859 0.000000 0.119294 0.248138 0.248138 0.248138
4933.178223 0.000000 2002.323120 0.000000 0.641518 0.000000 0.767108 0.236685 0.236685 0.236685
4931.928711 0.000000 2007.085083 0.000000 0.884856 0.000000 0.465864 0.242423 0.242423 0.242423
4929.439453 0.000000 2001.332520 0.000000 0.977197 0.000000 0.212335 0.247736 0.247736 0.247736
4928.010254 0.000000 2005.639404 0.000000 0.644882 0.000000 0.764282 0.241177 0.241177 0.241177
4929.729980 0.000000 2009.545410 0.000000 0.510561 0.000000 0.859842 0.233528 0.233528 0.233528
4933.852539 0.000000 1999.798706 0.000000 0.981579 0.000000 0.191059 0.247798 0.247798 0.247798
4929.541504 0.000000 1998.117188 0.000000 0.205267 0.000000 0.978706 0.233058 0.233058 0.233058
4929.897461 0.000000 1999.744629 0.000000 0.539351 0.000000 0.842081 0.237566 0.237566 0.237566
4928.129395 0.000000 2008.997803 0.000000 0.539664 0.000000 0.841881 0.234072 0.234072 0.234072
4928.942871 0.000000 1980.102539 0.000000 0.997651 0.000000 0.068499 0.249112 0.249112 0.249112
4933.380859 0.000000 1977.111206 0.000000 0.988428 0.000000 0.151692 0.247752 0.247752 0.247752
4930.358887 0.000000 1984.600342 0.000000 0.534627 0.000000 0.845088 0.236836 0.236836 0.236836
4928.065918 0.000000 1982.990356 0.000000 0.995279 0.000000 0.097054 0.248768 0.248768 0.248768
4933.906250 0.000000 2003.541870 0.000000 0.710422 0.000000 0.703776 0.238111 0.238111 0.238111
4932.866211 0.000000 2000.911621 0.000000 0.564017 0.000000 0.825763 0.235720 0.235720 0.235720
4929.603027 0.000000 2010.906494 0.000000 0.702101 0.000000 0.712078 0.237783 0.237783 0.237783
4929.285645 0.000000 2006.065063 0.000000 0.114958 0.000000 0.993370 0.230331 0.230331 0.230331
4930.696289 0.000000 2006.595703 0.000000 0.779943 0.000000 0.625850 0.239428 0.239428 0.239428
4931.393555 0.000000 2004.451782 0.000000 0.715844 0.000000 0.698260 0.237698 0.237698 0.237698
4928.655273 0.000000 2010.098389 0.000000 0.978382 0.000000 0.206808 0.246789 0.246789 0.246789
4929.099609 0.000000 2008.364258 0.000000 0.495138 0.000000 0.868815 0.233244 0.233244 0.233244
4863.683594 0.000000 2046.477905 0.000000 0.006772 0.000000 0.999977 0.232771 0.232771 0.232771
4861.449707 0.000000 2042.923706 0.000000 0.504690 0.000000 0.863301 0.237061 0.237061 0.237061
4863.211914 0.000000 2044.269287 0.000000 0.873144 0.000000 0.487463 0.244788 0.244788 0.244788
4857.426758 0.000000 2107.320801 0.000000 0.359016 0.000000 0.933331 0.239934 0.239934 0.239934
4838.720703 0.000000 2136.656494 0.000000 0.135180 0.000000 0.990821 0.227158 0.227158 0.227158
4858.165039 0.000000 2112.472656 0.000000 0.378675 0.000000 0.925530 0.239484 0.239484 0.239484
4861.935547 0.000000 2119.951904 0.000000 0.219034 0.000000 0.975717 0.237235 0.237235 0.237235
4836.101074 0.000000 2137.783203 0.000000 0.354569 0.000000 0.935030 0.238197 0.238197 0.238197
4859.279297 0.000000 2115.123291 0.000000 0.551367 0.000000 0.834263 0.239869 0.239869 0.239869
4834.456055 0.000000 2134.874756 0.000000 0.981846 0.000000 0.189678 0.247529 0.247529 0.247529
4839.682617 0.000000 2138.172852 0.000000 0.060906 0.000000 0.998143 0.231577 0.231577 0.231577
4839.874512 0.000000 2137.021484 0.000000 0.941265 0.000000 0.337668 0.244518 0.244518 0.244518
4813.467773 0.000000 2161.961426 0.000000 0.965544 0.000000 0.260242 0.247256 0.247256 0.247256
4825.268555 0.000000 2162.815430 0.000000 0.989809 0.000000 0.142404 0.248479 0.248479 0.248479
4823.828125 0.000000 2170.583008 0.000000 0.759392 0.000000 0.650634 0.243545 0.243545 0.243545
4812.396484 0.000000 2158.914062 0.000000 0.981197 0.000000 0.193008 0.247394 0.247394 0.247394
4815.212891 0.000000 2158.859619 0.000000 0.864115 0.000000 0.503294 0.244552 0.244552 0.244552
4820.471191 0.000000 2168.231934 0.000000 0.241216 0.000000 0.970471 0.235711 0.235711 0.235711
4814.486328 0.000000 2185.088135 0.000000 0.939878 0.000000 0.341510 0.245791 0.245791 0.245791
4811.020996 0.000000 2157.648438 0.000000 0.509968 0.000000 0.860193 0.236361 0.236361 0.236361
4826.396484 0.000000 2156.444092 0.000000 0.653407 0.000000 0.757007 0.237968 0.237968 0.237968
4815.107910 0.000000 2181.601318 0.000000 0.676836 0.000000 0.736134 0.236832 0.236832 0.236832
4817.551270 0.000000 2180.348145 0.000000 0.972894 0.000000 0.231251 0.246679 0.246679 0.246679
4816.015625 0.000000 2180.190674 0.000000 0.946262 0.000000 0.323402 0.245314 0.245314 0.245314
4827.985840 0.000000 2157.164307 0.000000 0.930804 0.000000 0.365518 0.244757 0.244757 0.244757
4825.643555 0.000000 2147.728516 0.000000 0.121972 0.000000 0.992534 0.229930 0.229930 0.229930
4864.354004 0.000000 2081.405273 0.000000 0.949235 0.000000 0.314568 0.246495 0.246495 0.246495
4867.589355 0.000000 2045.819702 0.000000 0.535225 0.000000 0.844710 0.237003 0.237003 0.237003
4889.550293 0.000000 2045.038940 0.000000 0.735410 0.000000 0.677622 0.243239 0.243239 0.243239
4886.302246 0.000000 2038.491577 0.000000 0.980575 0.000000 0.196143 0.247807 0.247807 0.247807
4864.226074 0.000000 2084.754395 0.000000 0.996947 0.000000 0.078085 0.249210 0.249210 0.249210
4868.219238 0.000000 2066.071533 0.000000 0.034592 0.000000 0.999402 0.236385 0.236385 0.236385
4866.892090 0.000000 2071.638672 0.000000 0.978373 0.000000 0.206850 0.247854 0.247854 0.247854
4871.290527 0.000000 2068.109863 0.000000 0.711122 0.000000 0.703069 0.241313 0.241313 0.241313
4864.974121 0.000000 2046.145264 0.000000 0.029171 0.000000 0.999574 0.234028 0.234028 0.234028
4866.523438 0.000000 2047.852417 0.000000 0.683228 0.000000 0.730205 0.237559 0.237559 0.237559
4865.798828 0.000000 2083.376465 0.000000 0.728891 0.000000 0.684629 0.240704 0.240704 0.240704
4866.093750 0.000000 2044.503906 0.000000 0.637351 0.000000 0.770573 0.238634 0.238634 0.238634
4872.825684 0.000000 2067.946533 0.000000 0.908454 0.000000 0.417984 0.244765 0.244765 0.244765
4874.271484 0.000000 2062.539307 0.000000 0.021743 0.000000 0.999764 0.229648 0.229648 0.229648
4866.422363 0.000000 2046.503784 0.000000 0.037049 0.000000 0.999313 0.226691 0.226691 0.226691
4873.015625 0.000000 2065.419434 0.000000 0.991786 0.000000 0.127906 0.248307 0.248307 0.248307
4864.950195 0.000000 2044.520264 0.000000 0.294040 0.000000 0.955793 0.229750 0.229750 0.229750
4865.886230 0.000000 2045.559448 0.000000 0.995702 0.000000 0.092615 0.248524 0.248524 0.248524
4662.803711 0.000000 2261.441162 0.000000 0.103696 0.000000 0.994609 0.234344 0.234344 0.234344
4660.340820 0.000000 2259.711182 0.000000 0.885118 0.000000 0.465367 0.244789 0.244789 0.244789
4660.116699 0.000000 2261.705811 0.000000 0.790589 0.000000 0.612347 0.241177 0.241177 0.241177
4661.482910 0.000000 2260.697266 0.000000 0.270811 0.000000 0.962632 0.232642 0.232642 0.232642
"}
object={
	name="bush_dry_02_generator_1_1"
	clamp_to_water_level=no
	render_under_water=no
	generated_content=yes
	layer="semidynamic_medium"
	pdxmesh="tree_bush_06_mesh"
	count=314
	transform="4361.163574 0.000000 1733.832031 0.000000 0.983032 0.000000 -0.183433 0.252499 0.252499 0.252499
4361.975098 0.000000 1732.043335 0.000000 0.845214 0.000000 -0.534427 0.257636 0.257636 0.257636
4364.710449 0.000000 1731.265015 0.000000 0.986885 0.000000 -0.161426 0.252110 0.252110 0.252110
4521.423340 0.000000 1783.437866 0.000000 0.996783 0.000000 -0.080149 0.250676 0.250676 0.250676
4486.599121 0.000000 1804.116577 0.000000 0.855385 0.000000 -0.517993 0.257103 0.257103 0.257103
4481.469238 0.000000 1805.563721 0.000000 0.971441 0.000000 -0.237282 0.252011 0.252011 0.252011
4517.993652 0.000000 1780.578979 0.000000 0.034082 0.000000 -0.999419 0.263859 0.263859 0.263859
4508.116211 0.000000 1806.431274 0.000000 0.732777 0.000000 -0.680469 0.258268 0.258268 0.258268
4500.724609 0.000000 1780.716064 0.000000 0.863674 0.000000 -0.504050 0.256017 0.256017 0.256017
4518.985352 0.000000 1782.880005 0.000000 0.996471 0.000000 -0.083936 0.250810 0.250810 0.250810
4499.258789 0.000000 1789.909180 0.000000 0.924187 0.000000 -0.381941 0.255516 0.255516 0.255516
4526.922852 0.000000 1786.336914 0.000000 0.413067 0.000000 -0.910700 0.261720 0.261720 0.261720
4485.476562 0.000000 1802.293823 0.000000 0.937664 0.000000 -0.347542 0.253711 0.253711 0.253711
4507.848633 0.000000 1804.674805 0.000000 0.999256 0.000000 -0.038561 0.250614 0.250614 0.250614
4485.147461 0.000000 1805.004761 0.000000 0.845655 0.000000 -0.533730 0.256536 0.256536 0.256536
4506.534668 0.000000 1805.811035 0.000000 0.886110 0.000000 -0.463474 0.257670 0.257670 0.257670
4482.838379 0.000000 1802.313965 0.000000 0.863777 0.000000 -0.503874 0.256790 0.256790 0.256790
4498.458496 0.000000 1786.111572 0.000000 0.511125 0.000000 -0.859506 0.266332 0.266332 0.266332
4486.498535 0.000000 1805.558716 0.000000 0.545538 0.000000 -0.838086 0.262963 0.262963 0.262963
4499.806641 0.000000 1786.316895 0.000000 0.193817 0.000000 -0.981038 0.271724 0.271724 0.271724
4482.944824 0.000000 1806.482544 0.000000 0.975317 0.000000 -0.220810 0.252981 0.252981 0.252981
4502.302246 0.000000 1812.554077 0.000000 0.065644 0.000000 -0.997843 0.268036 0.268036 0.268036
4504.982910 0.000000 1811.373901 0.000000 0.121799 0.000000 -0.992555 0.269214 0.269214 0.269214
4508.442383 0.000000 1807.517456 0.000000 0.860034 0.000000 -0.510237 0.255915 0.255915 0.255915
4502.294922 0.000000 1814.973145 0.000000 0.999235 0.000000 -0.039116 0.250595 0.250595 0.250595
4501.078125 0.000000 1809.627686 0.000000 0.870296 0.000000 -0.492529 0.255561 0.255561 0.255561
4504.548340 0.000000 1809.557007 0.000000 0.714342 0.000000 -0.699796 0.260522 0.260522 0.260522
4860.270508 0.000000 1968.802612 0.000000 0.716398 0.000000 -0.697692 0.261422 0.261422 0.261422
4857.614258 0.000000 1972.849854 0.000000 0.363118 0.000000 -0.931743 0.263360 0.263360 0.263360
4862.112305 0.000000 1964.387451 0.000000 0.978911 0.000000 -0.204288 0.252446 0.252446 0.252446
4862.612305 0.000000 1972.109009 0.000000 0.999030 0.000000 -0.044032 0.250400 0.250400 0.250400
4860.341309 0.000000 1973.636597 0.000000 0.248309 0.000000 -0.968681 0.271006 0.271006 0.271006
4860.370605 0.000000 1966.365356 0.000000 0.977614 0.000000 -0.210406 0.252395 0.252395 0.252395
4855.341309 0.000000 1971.760742 0.000000 0.107383 0.000000 -0.994218 0.266256 0.266256 0.266256
4862.298340 0.000000 1969.939453 0.000000 0.164254 0.000000 -0.986418 0.264039 0.264039 0.264039
4863.474121 0.000000 1965.693237 0.000000 0.242572 0.000000 -0.970133 0.265763 0.265763 0.265763
4861.091309 0.000000 1972.180298 0.000000 0.630661 0.000000 -0.776059 0.264139 0.264139 0.264139
4861.900391 0.000000 1973.536621 0.000000 0.864048 0.000000 -0.503409 0.258396 0.258396 0.258396
4851.676270 0.000000 1971.781250 0.000000 0.831788 0.000000 -0.555093 0.258558 0.258558 0.258558
4903.675293 0.000000 1918.758301 0.000000 0.926815 0.000000 -0.375518 0.254853 0.254853 0.254853
4887.427734 0.000000 1912.979736 0.000000 0.003706 0.000000 -0.999993 0.267019 0.267019 0.267019
4884.194824 0.000000 1909.897217 0.000000 0.387648 0.000000 -0.921807 0.265078 0.265078 0.265078
4881.116211 0.000000 1911.231934 0.000000 0.527576 0.000000 -0.849508 0.263653 0.263653 0.263653
4884.862305 0.000000 1912.651367 0.000000 0.611786 0.000000 -0.791023 0.258884 0.258884 0.258884
4885.389160 0.000000 1907.210205 0.000000 0.937148 0.000000 -0.348933 0.253582 0.253582 0.253582
4883.139160 0.000000 1911.648071 0.000000 0.812718 0.000000 -0.582657 0.256386 0.256386 0.256386
4905.461914 0.000000 1919.583984 0.000000 0.983735 0.000000 -0.179627 0.252097 0.252097 0.252097
4885.837891 0.000000 1908.931641 0.000000 0.307627 0.000000 -0.951507 0.266176 0.266176 0.266176
4889.175293 0.000000 1906.353882 0.000000 0.999820 0.000000 -0.018979 0.250243 0.250243 0.250243
4896.264648 0.000000 1942.337280 0.000000 0.995391 0.000000 -0.095898 0.251046 0.251046 0.251046
4925.733887 0.000000 1954.678955 0.000000 0.717549 0.000000 -0.696508 0.257478 0.257478 0.257478
4924.270508 0.000000 1968.802612 0.000000 0.720649 0.000000 -0.693300 0.260495 0.260495 0.260495
4877.467773 0.000000 1936.024048 0.000000 0.790066 0.000000 -0.613021 0.257661 0.257661 0.257661
4921.426758 0.000000 1937.867676 0.000000 0.984951 0.000000 -0.172836 0.251800 0.251800 0.251800
4894.773926 0.000000 1936.940430 0.000000 0.635652 0.000000 -0.771976 0.258092 0.258092 0.258092
4895.273438 0.000000 1975.345215 0.000000 0.961205 0.000000 -0.275834 0.253776 0.253776 0.253776
4890.661621 0.000000 1941.906372 0.000000 0.003220 0.000000 -0.999995 0.267953 0.267953 0.267953
4922.165039 0.000000 1943.019409 0.000000 0.562394 0.000000 -0.826869 0.262699 0.262699 0.262699
4887.538086 0.000000 1956.755615 0.000000 0.394324 0.000000 -0.918971 0.265494 0.265494 0.265494
4920.851562 0.000000 1952.081177 0.000000 0.743134 0.000000 -0.669142 0.256245 0.256245 0.256245
4926.018555 0.000000 1946.363892 0.000000 0.867341 0.000000 -0.497715 0.256162 0.256162 0.256162
4919.430664 0.000000 1934.345825 0.000000 0.694272 0.000000 -0.719712 0.260204 0.260204 0.260204
4898.997070 0.000000 1976.432129 0.000000 0.850819 0.000000 -0.525460 0.254990 0.254990 0.254990
4913.158691 0.000000 1955.097168 0.000000 0.594974 0.000000 -0.803745 0.258070 0.258070 0.258070
4898.040527 0.000000 1938.773682 0.000000 0.172415 0.000000 -0.985024 0.263738 0.263738 0.263738
4923.742676 0.000000 1958.145752 0.000000 0.017827 0.000000 -0.999841 0.266284 0.266284 0.266284
4893.587891 0.000000 1940.136475 0.000000 0.246975 0.000000 -0.969022 0.266328 0.266328 0.266328
4876.396484 0.000000 1932.976562 0.000000 0.999893 0.000000 -0.014608 0.250175 0.250175 0.250175
4881.653320 0.000000 1928.938110 0.000000 0.219338 0.000000 -0.975649 0.262088 0.262088 0.262088
4887.871582 0.000000 1959.949829 0.000000 0.870182 0.000000 -0.492731 0.256126 0.256126 0.256126
4893.075684 0.000000 1972.868896 0.000000 0.269391 0.000000 -0.963031 0.262395 0.262395 0.262395
4917.610352 0.000000 1955.961548 0.000000 0.345765 0.000000 -0.938321 0.266569 0.266569 0.266569
4922.988770 0.000000 1954.102783 0.000000 0.021993 0.000000 -0.999758 0.267932 0.267932 0.267932
4924.880859 0.000000 1943.698486 0.000000 0.429116 0.000000 -0.903250 0.263861 0.263861 0.263861
4891.116211 0.000000 1938.943970 0.000000 0.310792 0.000000 -0.950478 0.262060 0.262060 0.262060
4879.212891 0.000000 1932.922119 0.000000 0.034380 0.000000 -0.999409 0.267788 0.267788 0.267788
4920.270996 0.000000 1940.978516 0.000000 0.825588 0.000000 -0.564273 0.255688 0.255688 0.255688
4919.542480 0.000000 1943.598511 0.000000 0.967153 0.000000 -0.254194 0.253770 0.253770 0.253770
4924.341309 0.000000 1973.636597 0.000000 0.676912 0.000000 -0.736064 0.257874 0.257874 0.257874
4891.115234 0.000000 1949.752441 0.000000 0.600695 0.000000 -0.799478 0.259945 0.259945 0.259945
4923.279297 0.000000 1945.670288 0.000000 0.046235 0.000000 -0.998931 0.267032 0.267032 0.267032
4922.085938 0.000000 1967.627319 0.000000 0.065692 0.000000 -0.997840 0.269727 0.269727 0.269727
4897.496582 0.000000 1944.699463 0.000000 0.082779 0.000000 -0.996568 0.270059 0.270059 0.270059
4919.370605 0.000000 1954.124146 0.000000 0.890213 0.000000 -0.455544 0.256686 0.256686 0.256686
4881.307129 0.000000 1931.414673 0.000000 0.540519 0.000000 -0.841332 0.260514 0.260514 0.260514
4924.370605 0.000000 1966.365356 0.000000 0.989251 0.000000 -0.146231 0.251978 0.251978 0.251978
4893.193848 0.000000 1946.679932 0.000000 0.744958 0.000000 -0.667111 0.261532 0.261532 0.261532
4923.596680 0.000000 1936.995117 0.000000 0.791123 0.000000 -0.611657 0.256449 0.256449 0.256449
4920.713379 0.000000 1949.891724 0.000000 0.935339 0.000000 -0.353753 0.255292 0.255292 0.255292
4875.631836 0.000000 1936.985107 0.000000 0.609257 0.000000 -0.792973 0.261173 0.261173 0.261173
4899.914551 0.000000 1949.227905 0.000000 0.620657 0.000000 -0.784082 0.259534 0.259534 0.259534
4892.327637 0.000000 1948.287354 0.000000 0.959128 0.000000 -0.282974 0.254485 0.254485 0.254485
4922.464844 0.000000 1956.756104 0.000000 0.840995 0.000000 -0.541043 0.257350 0.257350 0.257350
4875.861328 0.000000 1935.138306 0.000000 0.906205 0.000000 -0.422839 0.254959 0.254959 0.254959
4919.086426 0.000000 1957.085083 0.000000 0.879647 0.000000 -0.475628 0.257224 0.257224 0.257224
4921.096680 0.000000 1954.533691 0.000000 0.664589 0.000000 -0.747209 0.260455 0.260455 0.260455
4923.648926 0.000000 1941.981445 0.000000 0.176868 0.000000 -0.984235 0.265476 0.265476 0.265476
4886.173340 0.000000 1959.810303 0.000000 0.601269 0.000000 -0.799047 0.261007 0.261007 0.261007
4922.962891 0.000000 1938.607422 0.000000 0.480001 0.000000 -0.877268 0.263091 0.263091 0.263091
4895.070801 0.000000 1941.125977 0.000000 0.215185 0.000000 -0.976573 0.266394 0.266394 0.266394
4918.224609 0.000000 1935.647461 0.000000 0.596208 0.000000 -0.802830 0.261838 0.261838 0.261838
4903.006836 0.000000 1939.872559 0.000000 0.277785 0.000000 -0.960643 0.266698 0.266698 0.266698
4925.962402 0.000000 1966.256836 0.000000 0.234385 0.000000 -0.972144 0.267987 0.267987 0.267987
4878.208008 0.000000 1931.717285 0.000000 0.464770 0.000000 -0.885432 0.262658 0.262658 0.262658
4914.026855 0.000000 1956.552979 0.000000 0.492234 0.000000 -0.870463 0.262425 0.262425 0.262425
4884.371582 0.000000 1957.006836 0.000000 0.168607 0.000000 -0.985683 0.267099 0.267099 0.267099
4920.549805 0.000000 1942.444580 0.000000 0.936496 0.000000 -0.350679 0.255345 0.255345 0.255345
4884.652832 0.000000 1954.127808 0.000000 0.999448 0.000000 -0.033226 0.250470 0.250470 0.250470
4878.587891 0.000000 1928.237549 0.000000 0.814747 0.000000 -0.579817 0.258010 0.258010 0.258010
4893.699219 0.000000 1976.072266 0.000000 0.614683 0.000000 -0.788774 0.264464 0.264464 0.264464
4924.833984 0.000000 1970.197021 0.000000 0.275253 0.000000 -0.961372 0.266006 0.266006 0.266006
4892.560059 0.000000 1949.745239 0.000000 0.158350 0.000000 -0.987383 0.272073 0.272073 0.272073
4919.001953 0.000000 1955.503418 0.000000 0.061178 0.000000 -0.998127 0.271340 0.271340 0.271340
4923.498047 0.000000 1967.502808 0.000000 0.991249 0.000000 -0.132009 0.251735 0.251735 0.251735
4927.412109 0.000000 1973.316895 0.000000 0.969176 0.000000 -0.246368 0.253224 0.253224 0.253224
4916.189941 0.000000 1954.542847 0.000000 0.879915 0.000000 -0.475130 0.256737 0.256737 0.256737
4923.031250 0.000000 1966.207520 0.000000 0.781397 0.000000 -0.624034 0.258833 0.258833 0.258833
4917.027344 0.000000 1951.985840 0.000000 0.899541 0.000000 -0.436836 0.256334 0.256334 0.256334
4921.029297 0.000000 1948.616943 0.000000 0.727375 0.000000 -0.686240 0.261069 0.261069 0.261069
4927.189941 0.000000 1970.963379 0.000000 0.756417 0.000000 -0.654090 0.260480 0.260480 0.260480
4888.281250 0.000000 1961.179077 0.000000 0.781687 0.000000 -0.623671 0.260109 0.260109 0.260109
4917.814941 0.000000 1950.843872 0.000000 0.169120 0.000000 -0.985596 0.269629 0.269629 0.269629
4893.522949 0.000000 1948.272583 0.000000 0.928749 0.000000 -0.370709 0.255938 0.255938 0.255938
4895.818848 0.000000 1976.453247 0.000000 0.577602 0.000000 -0.816318 0.265199 0.265199 0.265199
4928.354004 0.000000 1968.436646 0.000000 0.882657 0.000000 -0.470019 0.257772 0.257772 0.257772
4931.716309 0.000000 1961.574951 0.000000 0.196139 0.000000 -0.980576 0.268858 0.268858 0.268858
4928.315430 0.000000 1946.894287 0.000000 0.962834 0.000000 -0.270092 0.253252 0.253252 0.253252
4929.469238 0.000000 1975.016846 0.000000 0.316821 0.000000 -0.948485 0.267259 0.267259 0.267259
4933.002930 0.000000 1956.596802 0.000000 0.998026 0.000000 -0.062795 0.250655 0.250655 0.250655
4928.073242 0.000000 1959.030273 0.000000 0.362468 0.000000 -0.931996 0.264042 0.264042 0.264042
4928.226074 0.000000 1971.785767 0.000000 0.707523 0.000000 -0.706691 0.262491 0.262491 0.262491
4932.219238 0.000000 1953.102905 0.000000 0.293324 0.000000 -0.956013 0.268275 0.268275 0.268275
4934.656738 0.000000 1969.286499 0.000000 0.999314 0.000000 -0.037038 0.250334 0.250334 0.250334
4934.113770 0.000000 1959.427246 0.000000 0.705831 0.000000 -0.708380 0.258009 0.258009 0.258009
4930.892090 0.000000 1958.670044 0.000000 0.714085 0.000000 -0.700059 0.260551 0.260551 0.260551
4931.898438 0.000000 1973.225342 0.000000 0.032335 0.000000 -0.999477 0.274485 0.274485 0.274485
4932.256348 0.000000 1975.984497 0.000000 0.148252 0.000000 -0.988950 0.272543 0.272543 0.272543
4935.173340 0.000000 1949.675415 0.000000 0.277039 0.000000 -0.960859 0.262843 0.262843 0.262843
4928.956543 0.000000 1961.588623 0.000000 0.246018 0.000000 -0.969265 0.265639 0.265639 0.265639
4930.854492 0.000000 1968.015747 0.000000 0.061523 0.000000 -0.998106 0.274020 0.274020 0.274020
4935.852051 0.000000 1957.646240 0.000000 0.632250 0.000000 -0.774765 0.258464 0.258464 0.258464
4937.640137 0.000000 1953.695801 0.000000 0.769386 0.000000 -0.638784 0.257590 0.257590 0.257590
4935.299805 0.000000 1961.206909 0.000000 0.306826 0.000000 -0.951766 0.263436 0.263436 0.263436
4930.422852 0.000000 1948.868408 0.000000 0.942819 0.000000 -0.333306 0.253521 0.253521 0.253521
4933.476562 0.000000 1971.746948 0.000000 0.771701 0.000000 -0.635985 0.260605 0.260605 0.260605
4929.941895 0.000000 1973.096802 0.000000 0.696752 0.000000 -0.717312 0.262731 0.262731 0.262731
4928.004883 0.000000 1973.782837 0.000000 0.730307 0.000000 -0.683119 0.261969 0.261969 0.261969
4932.837402 0.000000 1968.708496 0.000000 0.982191 0.000000 -0.187885 0.252442 0.252442 0.252442
4930.331055 0.000000 1960.414551 0.000000 0.816724 0.000000 -0.577029 0.258446 0.258446 0.258446
4932.483398 0.000000 1954.898560 0.000000 0.806741 0.000000 -0.590905 0.259134 0.259134 0.259134
4932.253418 0.000000 1959.834595 0.000000 0.273442 0.000000 -0.961888 0.267079 0.267079 0.267079
4929.867188 0.000000 1976.671875 0.000000 0.673081 0.000000 -0.739569 0.259430 0.259430 0.259430
4932.650391 0.000000 1958.244873 0.000000 0.429865 0.000000 -0.902893 0.264870 0.264870 0.264870
4931.034668 0.000000 1974.627075 0.000000 0.208919 0.000000 -0.977933 0.269740 0.269740 0.269740
4930.838379 0.000000 1971.767090 0.000000 0.791618 0.000000 -0.611017 0.260462 0.260462 0.260462
4933.528809 0.000000 1949.806885 0.000000 0.275674 0.000000 -0.961251 0.265678 0.265678 0.265678
4928.011719 0.000000 1945.321899 0.000000 0.735527 0.000000 -0.677496 0.260383 0.260383 0.260383
4933.865234 0.000000 1955.294800 0.000000 0.376525 0.000000 -0.926407 0.267118 0.267118 0.267118
4935.860840 0.000000 1953.808960 0.000000 0.985439 0.000000 -0.170029 0.252437 0.252437 0.252437
4930.917480 0.000000 1953.898193 0.000000 0.982614 0.000000 -0.185661 0.252576 0.252576 0.252576
4935.945312 0.000000 1972.874756 0.000000 0.625437 0.000000 -0.780274 0.261369 0.261369 0.261369
4930.944824 0.000000 1975.935669 0.000000 0.130644 0.000000 -0.991429 0.270893 0.270893 0.270893
4933.619141 0.000000 1975.916748 0.000000 0.825606 0.000000 -0.564247 0.259504 0.259504 0.259504
4934.449219 0.000000 1952.438721 0.000000 0.505658 0.000000 -0.862734 0.264841 0.264841 0.264841
4882.736816 0.000000 2027.074219 0.000000 0.760323 0.000000 -0.649545 0.257854 0.257854 0.257854
4878.189453 0.000000 2013.396851 0.000000 0.750163 0.000000 -0.661253 0.261499 0.261499 0.261499
4895.430176 0.000000 1987.725098 0.000000 0.399801 0.000000 -0.916602 0.265342 0.265342 0.265342
4891.221680 0.000000 2022.981689 0.000000 0.998658 0.000000 -0.051783 0.250441 0.250441 0.250441
4873.453613 0.000000 1983.272461 0.000000 0.850937 0.000000 -0.525268 0.254970 0.254970 0.254970
4921.426758 0.000000 1994.352051 0.000000 0.953183 0.000000 -0.302393 0.252751 0.252751 0.252751
4883.298340 0.000000 1994.900269 0.000000 0.565615 0.000000 -0.824670 0.262618 0.262618 0.262618
4927.097656 0.000000 2016.342285 0.000000 0.932882 0.000000 -0.360182 0.254358 0.254358 0.254358
4877.883301 0.000000 2025.449341 0.000000 0.996946 0.000000 -0.078090 0.250790 0.250790 0.250790
4890.844238 0.000000 1978.670654 0.000000 0.716992 0.000000 -0.697081 0.257438 0.257438 0.257438
4894.227539 0.000000 1981.510498 0.000000 0.734598 0.000000 -0.678503 0.261869 0.261869 0.261869
4923.875488 0.000000 1991.159302 0.000000 0.454869 0.000000 -0.890558 0.262445 0.262445 0.262445
4922.308594 0.000000 2021.552734 0.000000 0.939326 0.000000 -0.343026 0.254141 0.254141 0.254141
4879.712891 0.000000 1995.567261 0.000000 0.352406 0.000000 -0.935847 0.265679 0.265679 0.265679
4892.263672 0.000000 1986.249146 0.000000 0.499005 0.000000 -0.866599 0.260763 0.260763 0.260763
4899.373047 0.000000 2003.896484 0.000000 0.068692 0.000000 -0.997638 0.269031 0.269031 0.269031
4895.085938 0.000000 1984.582031 0.000000 0.803195 0.000000 -0.595716 0.257707 0.257707 0.257707
4873.939941 0.000000 1992.241577 0.000000 0.692195 0.000000 -0.721711 0.260568 0.260568 0.260568
4881.116211 0.000000 2024.200684 0.000000 0.427492 0.000000 -0.904019 0.261381 0.261381 0.261381
4876.424805 0.000000 1995.372925 0.000000 0.779653 0.000000 -0.626212 0.259228 0.259228 0.259228
4877.152832 0.000000 2022.184204 0.000000 0.191680 0.000000 -0.981457 0.264921 0.264921 0.264921
4872.260254 0.000000 1985.958740 0.000000 0.979771 0.000000 -0.200123 0.252201 0.252201 0.252201
4914.616699 0.000000 2023.006348 0.000000 0.962898 0.000000 -0.269865 0.252499 0.252499 0.252499
4919.879395 0.000000 2020.147949 0.000000 0.188253 0.000000 -0.982121 0.265476 0.265476 0.265476
4926.888184 0.000000 2013.578125 0.000000 0.958730 0.000000 -0.284319 0.253041 0.253041 0.253041
4927.450684 0.000000 1984.882446 0.000000 0.174379 0.000000 -0.984679 0.266767 0.266767 0.266767
4907.597168 0.000000 1978.977661 0.000000 0.944996 0.000000 -0.327080 0.254929 0.254929 0.254929
4927.545410 0.000000 2008.912231 0.000000 0.508718 0.000000 -0.860933 0.262331 0.262331 0.262331
4927.835938 0.000000 1981.437256 0.000000 0.571846 0.000000 -0.820361 0.260027 0.260027 0.260027
4898.794434 0.000000 2015.212646 0.000000 0.217319 0.000000 -0.976101 0.263161 0.263161 0.263161
4923.596680 0.000000 1993.479492 0.000000 0.352711 0.000000 -0.935732 0.263409 0.263409 0.263409
4926.188965 0.000000 1992.027710 0.000000 0.447628 0.000000 -0.894220 0.260948 0.260948 0.260948
4874.112305 0.000000 1995.107056 0.000000 0.999834 0.000000 -0.018236 0.250269 0.250269 0.250269
4894.946777 0.000000 1990.192139 0.000000 0.771579 0.000000 -0.636134 0.257057 0.257057 0.257057
4878.936035 0.000000 2023.525024 0.000000 0.988279 0.000000 -0.152656 0.251947 0.251947 0.251947
4869.887695 0.000000 2007.781738 0.000000 0.578554 0.000000 -0.815644 0.260716 0.260716 0.260716
4895.953125 0.000000 1982.628296 0.000000 0.192072 0.000000 -0.981381 0.265476 0.265476 0.265476
4875.631836 0.000000 1993.469482 0.000000 0.788814 0.000000 -0.614631 0.259213 0.259213 0.259213
4881.646484 0.000000 1996.277954 0.000000 0.078160 0.000000 -0.996941 0.266442 0.266442 0.266442
4878.008789 0.000000 1996.698242 0.000000 0.983993 0.000000 -0.178206 0.252359 0.252359 0.252359
4879.814941 0.000000 1997.585083 0.000000 0.950386 0.000000 -0.311073 0.254166 0.254166 0.254166
4870.215332 0.000000 1993.106445 0.000000 0.770456 0.000000 -0.637493 0.259254 0.259254 0.259254
4875.020996 0.000000 1988.195435 0.000000 0.427461 0.000000 -0.904034 0.264623 0.264623 0.264623
4872.084473 0.000000 1992.588135 0.000000 0.741368 0.000000 -0.671099 0.259643 0.259643 0.259643
4875.861328 0.000000 1991.622681 0.000000 0.899294 0.000000 -0.437345 0.255424 0.255424 0.255424
4899.859863 0.000000 1982.635498 0.000000 0.227608 0.000000 -0.973753 0.268123 0.268123 0.268123
4881.241211 0.000000 1994.584473 0.000000 0.719228 0.000000 -0.694774 0.260139 0.260139 0.260139
4890.746094 0.000000 1976.980103 0.000000 0.640069 0.000000 -0.768317 0.259816 0.259816 0.259816
4898.717285 0.000000 2002.316162 0.000000 0.495253 0.000000 -0.868749 0.263337 0.263337 0.263337
4909.450195 0.000000 1979.472534 0.000000 0.783795 0.000000 -0.621020 0.259138 0.259138 0.259138
4873.291016 0.000000 1993.746460 0.000000 0.405016 0.000000 -0.914310 0.265123 0.265123 0.265123
4904.266113 0.000000 2005.716553 0.000000 0.466886 0.000000 -0.884317 0.262901 0.262901 0.262901
4894.747070 0.000000 1978.541138 0.000000 0.008762 0.000000 -0.999962 0.274861 0.274861 0.274861
4875.846680 0.000000 1981.200317 0.000000 0.172607 0.000000 -0.984991 0.268227 0.268227 0.268227
4921.594238 0.000000 2022.770996 0.000000 0.985911 0.000000 -0.167273 0.252245 0.252245 0.252245
4926.782227 0.000000 2014.973145 0.000000 0.720635 0.000000 -0.693314 0.261451 0.261451 0.261451
4906.488281 0.000000 1978.201294 0.000000 0.335230 0.000000 -0.942136 0.268179 0.268179 0.268179
4879.678223 0.000000 2013.370361 0.000000 0.989861 0.000000 -0.142036 0.252268 0.252268 0.252268
4914.359863 0.000000 2028.700317 0.000000 0.669188 0.000000 -0.743093 0.261528 0.261528 0.261528
4926.128906 0.000000 1983.813599 0.000000 0.999632 0.000000 -0.027136 0.250383 0.250383 0.250383
4875.304199 0.000000 1994.749390 0.000000 0.465223 0.000000 -0.885194 0.266010 0.266010 0.266010
4901.009277 0.000000 1983.014893 0.000000 0.631280 0.000000 -0.775555 0.263711 0.263711 0.263711
4919.960938 0.000000 2023.109863 0.000000 0.937057 0.000000 -0.349176 0.255677 0.255677 0.255677
4931.834473 0.000000 1976.955688 0.000000 0.472375 0.000000 -0.881398 0.262861 0.262861 0.262861
4928.290527 0.000000 2011.318237 0.000000 0.926757 0.000000 -0.375661 0.255937 0.255937 0.255937
4931.589355 0.000000 1989.335327 0.000000 0.809678 0.000000 -0.586874 0.255245 0.255245 0.255245
4930.164551 0.000000 1996.324707 0.000000 0.982610 0.000000 -0.185681 0.251912 0.251912 0.251912
4929.476562 0.000000 1983.411865 0.000000 0.980546 0.000000 -0.196288 0.252503 0.252503 0.252503
4933.568848 0.000000 1980.970947 0.000000 0.010063 0.000000 -0.999949 0.266414 0.266414 0.266414
4933.348633 0.000000 1985.394897 0.000000 0.443002 0.000000 -0.896520 0.260132 0.260132 0.260132
4931.605469 0.000000 2000.229736 0.000000 0.322163 0.000000 -0.946684 0.262876 0.262876 0.262876
4929.602051 0.000000 2007.326416 0.000000 0.673612 0.000000 -0.739085 0.261239 0.261239 0.261239
4928.522461 0.000000 1992.655151 0.000000 0.955027 0.000000 -0.296519 0.253495 0.253495 0.253495
4933.963867 0.000000 1997.652100 0.000000 0.822019 0.000000 -0.569461 0.257695 0.257695 0.257695
4928.205078 0.000000 1999.371826 0.000000 0.276885 0.000000 -0.960903 0.266025 0.266025 0.266025
4930.786133 0.000000 2011.853760 0.000000 0.862188 0.000000 -0.506589 0.257957 0.257957 0.257957
4932.015137 0.000000 1983.040161 0.000000 0.290533 0.000000 -0.956865 0.262384 0.262384 0.262384
4930.873047 0.000000 2003.243408 0.000000 0.221986 0.000000 -0.975050 0.266772 0.266772 0.266772
4932.637695 0.000000 1995.525879 0.000000 0.489054 0.000000 -0.872254 0.260153 0.260153 0.260153
4930.523438 0.000000 1991.368042 0.000000 0.964041 0.000000 -0.265753 0.252728 0.252728 0.252728
4931.661133 0.000000 1998.026733 0.000000 0.568687 0.000000 -0.822554 0.261122 0.261122 0.261122
4932.206055 0.000000 1979.208008 0.000000 0.997687 0.000000 -0.067969 0.250717 0.250717 0.250717
4928.013672 0.000000 1981.475830 0.000000 0.955377 0.000000 -0.295390 0.253883 0.253883 0.253883
4930.422852 0.000000 2005.352783 0.000000 0.491953 0.000000 -0.870622 0.266814 0.266814 0.266814
4928.060059 0.000000 1985.201294 0.000000 0.983219 0.000000 -0.182431 0.252410 0.252410 0.252410
4932.679688 0.000000 1991.189453 0.000000 0.257820 0.000000 -0.966193 0.267497 0.267497 0.267497
4930.305176 0.000000 1978.302979 0.000000 0.718214 0.000000 -0.695823 0.262104 0.262104 0.262104
4930.200195 0.000000 1993.572388 0.000000 0.809465 0.000000 -0.587168 0.257109 0.257109 0.257109
4931.807617 0.000000 1984.755005 0.000000 0.520428 0.000000 -0.853905 0.263382 0.263382 0.263382
4930.931152 0.000000 2008.427856 0.000000 0.601807 0.000000 -0.798641 0.261403 0.261403 0.261403
4933.125488 0.000000 1989.684204 0.000000 0.996033 0.000000 -0.088988 0.251410 0.251410 0.251410
4932.395996 0.000000 2003.538940 0.000000 0.247294 0.000000 -0.968940 0.270116 0.270116 0.270116
4930.917480 0.000000 2010.382568 0.000000 0.985600 0.000000 -0.169093 0.252545 0.252545 0.252545
4928.049316 0.000000 2007.651367 0.000000 0.500486 0.000000 -0.865745 0.264143 0.264143 0.264143
4929.465820 0.000000 1981.512573 0.000000 0.193470 0.000000 -0.981106 0.267822 0.267822 0.267822
4931.718262 0.000000 2005.747070 0.000000 0.981008 0.000000 -0.193969 0.253107 0.253107 0.253107
4931.130371 0.000000 1987.272339 0.000000 0.916461 0.000000 -0.400125 0.256410 0.256410 0.256410
4930.946289 0.000000 1979.398438 0.000000 0.123413 0.000000 -0.992355 0.272760 0.272760 0.272760
4932.983887 0.000000 1988.484009 0.000000 0.797451 0.000000 -0.603384 0.260248 0.260248 0.260248
4929.383301 0.000000 1979.029419 0.000000 0.292018 0.000000 -0.956413 0.270045 0.270045 0.270045
4931.441895 0.000000 1978.338745 0.000000 0.999919 0.000000 -0.012719 0.250200 0.250200 0.250200
4930.333008 0.000000 2004.243042 0.000000 0.998261 0.000000 -0.058950 0.250939 0.250939 0.250939
4862.612305 0.000000 2085.077881 0.000000 0.222758 0.000000 -0.974874 0.262477 0.262477 0.262477
4858.815430 0.000000 2041.006592 0.000000 0.746077 0.000000 -0.665860 0.258322 0.258322 0.258322
4860.341309 0.000000 2086.605225 0.000000 0.187062 0.000000 -0.982348 0.263376 0.263376 0.263376
4863.022949 0.000000 2087.603027 0.000000 0.521781 0.000000 -0.853079 0.261926 0.261926 0.261926
4862.188965 0.000000 2048.512207 0.000000 0.485049 0.000000 -0.874487 0.261327 0.261327 0.261327
4863.011719 0.000000 2042.799805 0.000000 0.962767 0.000000 -0.270332 0.253827 0.253827 0.253827
4856.851562 0.000000 2121.534180 0.000000 0.515322 0.000000 -0.856996 0.259894 0.259894 0.259894
4855.430664 0.000000 2103.798828 0.000000 0.563956 0.000000 -0.825805 0.260097 0.260097 0.260097
4859.875488 0.000000 2104.128174 0.000000 0.869936 0.000000 -0.493164 0.255198 0.255198 0.255198
4838.643555 0.000000 2141.624023 0.000000 0.960168 0.000000 -0.279422 0.254198 0.254198 0.254198
4841.246582 0.000000 2138.233643 0.000000 0.135199 0.000000 -0.990818 0.263078 0.263078 0.263078
4859.206543 0.000000 2119.902588 0.000000 0.905536 0.000000 -0.424270 0.254211 0.254211 0.254211
4838.352539 0.000000 2139.110352 0.000000 0.394525 0.000000 -0.918885 0.264218 0.264218 0.264218
4859.596680 0.000000 2106.448242 0.000000 0.021469 0.000000 -0.999770 0.267503 0.267503 0.267503
4857.532715 0.000000 2104.896484 0.000000 0.723001 0.000000 -0.690847 0.258282 0.258282 0.258282
4856.956055 0.000000 2115.337646 0.000000 0.029964 0.000000 -0.999551 0.266301 0.266301 0.266301
4857.361328 0.000000 2102.711182 0.000000 0.148287 0.000000 -0.988944 0.264732 0.264732 0.264732
4827.848633 0.000000 2143.581055 0.000000 0.965603 0.000000 -0.260023 0.253957 0.253957 0.253957
4839.001953 0.000000 2140.241211 0.000000 0.777972 0.000000 -0.628299 0.260070 0.260070 0.260070
4658.569336 0.000000 2258.864502 0.000000 0.515850 0.000000 -0.856679 0.259182 0.259182 0.259182
4814.189453 0.000000 2182.850098 0.000000 0.022407 0.000000 -0.999749 0.264303 0.264303 0.264303
4811.269531 0.000000 2155.736328 0.000000 0.798396 0.000000 -0.602133 0.255747 0.255747 0.255747
4827.116211 0.000000 2164.881592 0.000000 0.841112 0.000000 -0.540860 0.255350 0.255350 0.255350
4814.569336 0.000000 2180.175049 0.000000 0.612227 0.000000 -0.790682 0.264514 0.264514 0.264514
4827.921387 0.000000 2162.362061 0.000000 0.408415 0.000000 -0.912797 0.261413 0.261413 0.261413
4816.687988 0.000000 2181.591309 0.000000 0.721879 0.000000 -0.692019 0.260876 0.260876 0.260876
4824.755859 0.000000 2165.755371 0.000000 0.775543 0.000000 -0.631295 0.256759 0.256759 0.256759
4825.025879 0.000000 2146.654053 0.000000 0.585175 0.000000 -0.810907 0.263103 0.263103 0.263103
4821.939941 0.000000 2171.739746 0.000000 0.959759 0.000000 -0.280825 0.253091 0.253091 0.253091
4864.290527 0.000000 2067.802734 0.000000 0.996967 0.000000 -0.077821 0.250671 0.250671 0.250671
4871.693359 0.000000 2065.270020 0.000000 0.128985 0.000000 -0.991647 0.266014 0.266014 0.266014
4869.002930 0.000000 2069.565430 0.000000 0.975903 0.000000 -0.218204 0.252121 0.252121 0.252121
4864.110840 0.000000 2043.802002 0.000000 0.465820 0.000000 -0.884879 0.259390 0.259390 0.259390
4864.522461 0.000000 2049.139648 0.000000 0.998961 0.000000 -0.045575 0.250457 0.250457 0.250457
4888.357910 0.000000 2041.948486 0.000000 0.001341 0.000000 -0.999999 0.267632 0.267632 0.267632
4875.443359 0.000000 2063.424561 0.000000 0.973405 0.000000 -0.229092 0.253037 0.253037 0.253037
4866.786133 0.000000 2068.338135 0.000000 0.296112 0.000000 -0.955153 0.265776 0.265776 0.265776
4873.640137 0.000000 2066.664551 0.000000 0.072433 0.000000 -0.997373 0.268189 0.268189 0.268189
4875.910645 0.000000 2061.120361 0.000000 0.999760 0.000000 -0.021899 0.250270 0.250270 0.250270
4886.294922 0.000000 2040.910645 0.000000 0.893840 0.000000 -0.448386 0.254904 0.254904 0.254904
4870.066895 0.000000 2066.572998 0.000000 0.144133 0.000000 -0.989558 0.266957 0.266957 0.266957
4888.543945 0.000000 2043.614990 0.000000 0.933868 0.000000 -0.357617 0.254200 0.254200 0.254200
4867.459473 0.000000 2069.953857 0.000000 0.023375 0.000000 -0.999727 0.269219 0.269219 0.269219
4864.313965 0.000000 2083.179443 0.000000 0.994422 0.000000 -0.105479 0.251303 0.251303 0.251303
4864.082520 0.000000 2045.217896 0.000000 0.988953 0.000000 -0.148229 0.252368 0.252368 0.252368
4867.569824 0.000000 2047.081787 0.000000 0.760974 0.000000 -0.648782 0.260729 0.260729 0.260729
4658.317383 0.000000 2262.566162 0.000000 0.962912 0.000000 -0.269815 0.252643 0.252643 0.252643
4660.969238 0.000000 2263.732910 0.000000 0.051569 0.000000 -0.998669 0.266167 0.266167 0.266167
"}
