object={
	name="bush_dry_02_generator_2_0"
	clamp_to_water_level=no
	render_under_water=no
	generated_content=yes
	layer="semidynamic_high"
	pdxmesh="tree_bush_05_mesh"
	count=257
	transform="4360.816895 0.000000 1732.621704 0.000000 0.667057 0.000000 0.745007 0.238616 0.238616 0.238616
4521.764648 0.000000 1779.339844 0.000000 0.944053 0.000000 0.329795 0.247137 0.247137 0.247137
4503.875000 0.000000 1783.091431 0.000000 0.821006 0.000000 0.570919 0.244008 0.244008 0.244008
4509.699219 0.000000 1806.619141 0.000000 0.841335 0.000000 0.540513 0.243692 0.243692 0.243692
4519.114258 0.000000 1781.470459 0.000000 0.964503 0.000000 0.264070 0.246864 0.246864 0.246864
4489.361328 0.000000 1805.023804 0.000000 0.702206 0.000000 0.711974 0.241519 0.241519 0.241519
4506.963867 0.000000 1803.848145 0.000000 0.643624 0.000000 0.765341 0.238984 0.238984 0.238984
4503.721191 0.000000 1781.539185 0.000000 0.213352 0.000000 0.976975 0.232864 0.232864 0.232864
4508.533691 0.000000 1805.479980 0.000000 0.998501 0.000000 0.054727 0.249233 0.249233 0.249233
4482.095703 0.000000 1804.744263 0.000000 0.283793 0.000000 0.958886 0.229580 0.229580 0.229580
4497.591309 0.000000 1786.525635 0.000000 0.999931 0.000000 0.011712 0.249814 0.249814 0.249814
4507.468262 0.000000 1805.718384 0.000000 0.081073 0.000000 0.996708 0.226292 0.226292 0.226292
4500.463379 0.000000 1785.594727 0.000000 0.993350 0.000000 0.115137 0.248344 0.248344 0.248344
4496.542969 0.000000 1787.116699 0.000000 0.223146 0.000000 0.974785 0.228582 0.228582 0.228582
4498.336914 0.000000 1789.877930 0.000000 0.979608 0.000000 0.200919 0.247153 0.247153 0.247153
4482.343262 0.000000 1805.556763 0.000000 0.865677 0.000000 0.500603 0.241656 0.241656 0.241656
4545.439453 0.000000 1775.395020 0.000000 0.995773 0.000000 0.091843 0.249173 0.249173 0.249173
4506.746094 0.000000 1807.526978 0.000000 0.278751 0.000000 0.960364 0.236733 0.236733 0.236733
4485.380859 0.000000 1807.658081 0.000000 0.741713 0.000000 0.670718 0.242383 0.242383 0.242383
4502.916016 0.000000 1813.746094 0.000000 0.440385 0.000000 0.897809 0.236641 0.236641 0.236641
4505.613770 0.000000 1809.962646 0.000000 0.706465 0.000000 0.707748 0.239326 0.239326 0.239326
4503.363770 0.000000 1809.427124 0.000000 0.524837 0.000000 0.851203 0.235351 0.235351 0.235351
4502.567871 0.000000 1811.517578 0.000000 0.909036 0.000000 0.416717 0.244809 0.244809 0.244809
4501.816895 0.000000 1810.399048 0.000000 0.999742 0.000000 0.022713 0.249687 0.249687 0.249687
4857.560059 0.000000 1971.112793 0.000000 0.758051 0.000000 0.652195 0.243082 0.243082 0.243082
4856.193359 0.000000 1972.919556 0.000000 0.834296 0.000000 0.551316 0.243494 0.243494 0.243494
4854.354980 0.000000 1972.320801 0.000000 0.373068 0.000000 0.927804 0.235647 0.235647 0.235647
4851.887695 0.000000 1970.659668 0.000000 0.999997 0.000000 0.002443 0.249964 0.249964 0.249964
4860.698730 0.000000 1971.266602 0.000000 0.149355 0.000000 0.988784 0.227386 0.227386 0.227386
4863.673828 0.000000 1967.853882 0.000000 0.445197 0.000000 0.895432 0.233140 0.233140 0.233140
4850.330078 0.000000 1970.197876 0.000000 0.917029 0.000000 0.398820 0.244034 0.244034 0.244034
4862.801758 0.000000 1966.217773 0.000000 0.617605 0.000000 0.786489 0.236244 0.236244 0.236244
4884.232910 0.000000 1906.104004 0.000000 0.720439 0.000000 0.693518 0.242299 0.242299 0.242299
4904.984863 0.000000 1918.207764 0.000000 0.049827 0.000000 0.998758 0.232343 0.232343 0.232343
4886.478516 0.000000 1911.890869 0.000000 0.004090 0.000000 0.999992 0.233670 0.233670 0.233670
4902.916016 0.000000 1919.932129 0.000000 0.653696 0.000000 0.756758 0.239178 0.239178 0.239178
4903.241699 0.000000 1916.883667 0.000000 0.629079 0.000000 0.777341 0.240219 0.240219 0.240219
4902.453613 0.000000 1918.834229 0.000000 0.089094 0.000000 0.996023 0.231321 0.231321 0.231321
4885.435547 0.000000 1909.991943 0.000000 0.764210 0.000000 0.644967 0.240987 0.240987 0.240987
4884.242188 0.000000 1911.677490 0.000000 0.251660 0.000000 0.967816 0.232623 0.232623 0.232623
4885.228027 0.000000 1958.373901 0.000000 0.096416 0.000000 0.995341 0.237302 0.237302 0.237302
4921.532715 0.000000 1935.443359 0.000000 0.980446 0.000000 0.196790 0.248146 0.248146 0.248146
4899.805176 0.000000 1939.383057 0.000000 0.832825 0.000000 0.553536 0.244234 0.244234 0.244234
4923.123047 0.000000 1959.895020 0.000000 0.687859 0.000000 0.725845 0.241483 0.241483 0.241483
4898.170410 0.000000 1948.826050 0.000000 0.311176 0.000000 0.950352 0.236730 0.236730 0.236730
4877.681152 0.000000 1934.241455 0.000000 0.997393 0.000000 0.072164 0.249240 0.249240 0.249240
4919.627441 0.000000 1951.096191 0.000000 0.946000 0.000000 0.324166 0.246425 0.246425 0.246425
4923.166992 0.000000 1944.161499 0.000000 0.570051 0.000000 0.821609 0.239228 0.239228 0.239228
4902.613281 0.000000 1941.339478 0.000000 0.738931 0.000000 0.673781 0.242317 0.242317 0.242317
4890.272949 0.000000 1948.552124 0.000000 0.925993 0.000000 0.377540 0.245844 0.245844 0.245844
4925.805664 0.000000 1956.115112 0.000000 0.508855 0.000000 0.860852 0.238836 0.238836 0.238836
4876.990723 0.000000 1937.470947 0.000000 0.993232 0.000000 0.116144 0.248649 0.248649 0.248649
4922.382812 0.000000 1955.345459 0.000000 0.920341 0.000000 0.391118 0.245348 0.245348 0.245348
4927.399414 0.000000 1968.961060 0.000000 0.276055 0.000000 0.961142 0.234004 0.234004 0.234004
4876.093750 0.000000 1928.556274 0.000000 0.573863 0.000000 0.818952 0.239459 0.239459 0.239459
4927.335449 0.000000 1946.698120 0.000000 0.933626 0.000000 0.358248 0.245667 0.245667 0.245667
4864.003906 0.000000 1962.548706 0.000000 0.827254 0.000000 0.561827 0.243372 0.243372 0.243372
4914.554199 0.000000 1957.712769 0.000000 0.863787 0.000000 0.503858 0.243787 0.243787 0.243787
4922.127441 0.000000 1945.061157 0.000000 0.981087 0.000000 0.193565 0.247824 0.247824 0.247824
4925.825195 0.000000 1971.134766 0.000000 0.886705 0.000000 0.462335 0.244045 0.244045 0.244045
4893.867188 0.000000 1941.326416 0.000000 0.343948 0.000000 0.938989 0.234927 0.234927 0.234927
4897.384277 0.000000 1945.892212 0.000000 0.165015 0.000000 0.986291 0.231058 0.231058 0.231058
4923.660156 0.000000 1970.010132 0.000000 0.479628 0.000000 0.877472 0.237806 0.237806 0.237806
4925.822754 0.000000 1944.435547 0.000000 0.723487 0.000000 0.690338 0.240322 0.240322 0.240322
4927.786133 0.000000 1947.928589 0.000000 0.746542 0.000000 0.665338 0.241390 0.241390 0.241390
4923.585938 0.000000 1957.026733 0.000000 0.998631 0.000000 0.052316 0.249327 0.249327 0.249327
4921.517090 0.000000 1957.372070 0.000000 0.222151 0.000000 0.975012 0.231633 0.231633 0.231633
4918.006836 0.000000 1956.980347 0.000000 0.937467 0.000000 0.348075 0.244819 0.244819 0.244819
4892.754395 0.000000 1943.208008 0.000000 0.967064 0.000000 0.254533 0.246394 0.246394 0.246394
4892.840820 0.000000 1941.022339 0.000000 0.996791 0.000000 0.080048 0.249010 0.249010 0.249010
4923.891113 0.000000 1939.119507 0.000000 0.488872 0.000000 0.872356 0.237033 0.237033 0.237033
4894.741699 0.000000 1976.237427 0.000000 0.410028 0.000000 0.912073 0.231724 0.231724 0.231724
4918.398438 0.000000 1934.525391 0.000000 0.515356 0.000000 0.856976 0.236926 0.236926 0.236926
4918.544434 0.000000 1957.994995 0.000000 0.681495 0.000000 0.731823 0.238035 0.238035 0.238035
4878.198242 0.000000 1929.181152 0.000000 0.629330 0.000000 0.777138 0.238472 0.238472 0.238472
4885.472656 0.000000 1954.737793 0.000000 0.880271 0.000000 0.474471 0.243011 0.243011 0.243011
4921.221680 0.000000 1943.296997 0.000000 0.994591 0.000000 0.103871 0.248448 0.248448 0.248448
4895.321777 0.000000 1942.166870 0.000000 0.980866 0.000000 0.194685 0.246882 0.246882 0.246882
4884.463379 0.000000 1955.047852 0.000000 0.183269 0.000000 0.983063 0.230400 0.230400 0.230400
4893.716797 0.000000 1943.235840 0.000000 0.512434 0.000000 0.858727 0.235529 0.235529 0.235529
4924.446289 0.000000 1967.363403 0.000000 0.828563 0.000000 0.559895 0.241989 0.241989 0.241989
4894.264648 0.000000 1975.289551 0.000000 0.794155 0.000000 0.607715 0.241174 0.241174 0.241174
4919.679688 0.000000 1956.274292 0.000000 0.998993 0.000000 0.044876 0.249346 0.249346 0.249346
4892.825684 0.000000 1976.516724 0.000000 0.057110 0.000000 0.998368 0.225909 0.225909 0.225909
4894.757324 0.000000 1943.714600 0.000000 0.656569 0.000000 0.754266 0.236400 0.236400 0.236400
4892.866211 0.000000 1947.558838 0.000000 0.980128 0.000000 0.198365 0.246847 0.246847 0.246847
4921.530273 0.000000 1942.363037 0.000000 0.876935 0.000000 0.480610 0.242521 0.242521 0.242521
4893.976074 0.000000 1947.150146 0.000000 0.808817 0.000000 0.588060 0.240073 0.240073 0.240073
4918.776855 0.000000 1943.007080 0.000000 0.860507 0.000000 0.509439 0.242160 0.242160 0.242160
4893.199219 0.000000 1949.118042 0.000000 0.992608 0.000000 0.121367 0.248098 0.248098 0.248098
4892.461426 0.000000 1946.247559 0.000000 0.990661 0.000000 0.136349 0.247840 0.247840 0.247840
4921.855469 0.000000 1948.898804 0.000000 0.088232 0.000000 0.996100 0.228303 0.228303 0.228303
4920.372559 0.000000 1943.309570 0.000000 0.910782 0.000000 0.412888 0.243651 0.243651 0.243651
4893.965332 0.000000 1946.323853 0.000000 0.921236 0.000000 0.389004 0.243691 0.243691 0.243691
4937.808105 0.000000 1956.174316 0.000000 0.989810 0.000000 0.142391 0.248760 0.248760 0.248760
4930.873047 0.000000 1946.759033 0.000000 0.440485 0.000000 0.897760 0.239878 0.239878 0.239878
4928.010254 0.000000 1949.155029 0.000000 0.996742 0.000000 0.080657 0.249282 0.249282 0.249282
4929.729980 0.000000 1953.061035 0.000000 0.569777 0.000000 0.821800 0.241150 0.241150 0.241150
4930.240723 0.000000 1962.786133 0.000000 0.461058 0.000000 0.887370 0.238758 0.238758 0.238758
4931.459473 0.000000 1956.984985 0.000000 0.699051 0.000000 0.715072 0.242143 0.242143 0.242143
4936.825684 0.000000 1954.977783 0.000000 0.737876 0.000000 0.674936 0.241561 0.241561 0.241561
4935.681641 0.000000 1959.386841 0.000000 0.120791 0.000000 0.992678 0.235251 0.235251 0.235251
4929.437988 0.000000 1958.429321 0.000000 0.411687 0.000000 0.911325 0.236583 0.236583 0.236583
4928.212402 0.000000 1944.108887 0.000000 0.963461 0.000000 0.267848 0.246217 0.246217 0.246217
4930.485352 0.000000 1961.606079 0.000000 0.555907 0.000000 0.831244 0.236525 0.236525 0.236525
4930.273438 0.000000 1966.897217 0.000000 0.729213 0.000000 0.684286 0.241016 0.241016 0.241016
4933.303711 0.000000 1952.750366 0.000000 0.291843 0.000000 0.956466 0.231702 0.231702 0.231702
4934.752930 0.000000 1950.664185 0.000000 0.942970 0.000000 0.332877 0.245234 0.245234 0.245234
4932.418457 0.000000 1969.667969 0.000000 0.309852 0.000000 0.950785 0.233776 0.233776 0.233776
4932.975586 0.000000 1950.730103 0.000000 0.358820 0.000000 0.933407 0.232719 0.232719 0.232719
4930.095703 0.000000 1974.197388 0.000000 0.534874 0.000000 0.844932 0.235395 0.235395 0.235395
4935.513672 0.000000 1974.055542 0.000000 0.045731 0.000000 0.998954 0.225728 0.225728 0.225728
4935.689453 0.000000 1975.880981 0.000000 0.493283 0.000000 0.869869 0.233210 0.233210 0.233210
4933.609375 0.000000 1958.540527 0.000000 0.740256 0.000000 0.672325 0.240267 0.240267 0.240267
4934.943359 0.000000 1954.146606 0.000000 0.106046 0.000000 0.994361 0.229982 0.229982 0.229982
4931.255371 0.000000 1952.941772 0.000000 0.999785 0.000000 0.020738 0.249714 0.249714 0.249714
4928.795410 0.000000 1969.350342 0.000000 0.233283 0.000000 0.972409 0.228789 0.228789 0.228789
4934.977539 0.000000 1951.599609 0.000000 0.684882 0.000000 0.728654 0.238536 0.238536 0.238536
4928.727051 0.000000 1945.950195 0.000000 0.947485 0.000000 0.319800 0.245459 0.245459 0.245459
4931.805176 0.000000 1968.422607 0.000000 0.785567 0.000000 0.618777 0.239381 0.239381 0.239381
4931.062012 0.000000 1972.693604 0.000000 0.745717 0.000000 0.666263 0.238395 0.238395 0.238395
4932.331055 0.000000 1974.023071 0.000000 0.853172 0.000000 0.521630 0.241300 0.241300 0.241300
4932.918945 0.000000 1975.348877 0.000000 0.854555 0.000000 0.519362 0.241343 0.241343 0.241343
4928.990234 0.000000 1970.834351 0.000000 0.170764 0.000000 0.985312 0.227731 0.227731 0.227731
4933.057129 0.000000 1955.673584 0.000000 0.067995 0.000000 0.997686 0.228287 0.228287 0.228287
4930.092285 0.000000 1972.209473 0.000000 0.923975 0.000000 0.382453 0.243754 0.243754 0.243754
4935.970703 0.000000 1950.013794 0.000000 0.817216 0.000000 0.576332 0.241374 0.241374 0.241374
4933.745605 0.000000 1954.433228 0.000000 0.229164 0.000000 0.973388 0.230645 0.230645 0.230645
4933.970703 0.000000 1974.140625 0.000000 0.059181 0.000000 0.998247 0.226037 0.226037 0.226037
4932.941895 0.000000 1976.540649 0.000000 0.656972 0.000000 0.753915 0.237394 0.237394 0.237394
4928.002930 0.000000 1970.959106 0.000000 0.963074 0.000000 0.269236 0.245661 0.245661 0.245661
4928.000488 0.000000 1969.466553 0.000000 0.382551 0.000000 0.923934 0.231284 0.231284 0.231284
4865.602051 0.000000 2007.326416 0.000000 0.741541 0.000000 0.670907 0.243849 0.243849 0.243849
4897.860352 0.000000 1985.694336 0.000000 0.329393 0.000000 0.944193 0.239169 0.239169 0.239169
4900.294922 0.000000 1980.609863 0.000000 0.786389 0.000000 0.617732 0.244140 0.244140 0.244140
4918.928223 0.000000 1993.838135 0.000000 0.988288 0.000000 0.152598 0.248628 0.248628 0.248628
4921.532715 0.000000 1991.927734 0.000000 0.656060 0.000000 0.754709 0.241967 0.241967 0.241967
4924.605469 0.000000 2008.879761 0.000000 0.986788 0.000000 0.162014 0.248553 0.248553 0.248553
4904.581055 0.000000 2007.217529 0.000000 0.980664 0.000000 0.195697 0.248205 0.248205 0.248205
4883.139160 0.000000 2024.616821 0.000000 0.898470 0.000000 0.439035 0.245418 0.245418 0.245418
4894.427246 0.000000 2015.240356 0.000000 0.847220 0.000000 0.531243 0.244442 0.244442 0.244442
4899.914551 0.000000 2005.712280 0.000000 0.412959 0.000000 0.910750 0.238851 0.238851 0.238851
4895.909668 0.000000 1991.920532 0.000000 0.673238 0.000000 0.739426 0.241482 0.241482 0.241482
4873.625488 0.000000 1987.177979 0.000000 0.792005 0.000000 0.610515 0.243626 0.243626 0.243626
4916.959961 0.000000 2027.012207 0.000000 0.814171 0.000000 0.580625 0.243292 0.243292 0.243292
4881.633301 0.000000 2025.781982 0.000000 0.338982 0.000000 0.940793 0.237653 0.237653 0.237653
4866.931152 0.000000 2008.427856 0.000000 0.983121 0.000000 0.182959 0.248111 0.248111 0.248111
4898.527344 0.000000 1984.060669 0.000000 0.774717 0.000000 0.632308 0.242630 0.242630 0.242630
4927.198730 0.000000 2011.973145 0.000000 0.567157 0.000000 0.823610 0.239792 0.239792 0.239792
4903.006836 0.000000 1996.356934 0.000000 0.636703 0.000000 0.771109 0.241289 0.241289 0.241289
4872.235840 0.000000 1984.335693 0.000000 0.270892 0.000000 0.962610 0.235839 0.235839 0.235839
4869.528809 0.000000 2006.291260 0.000000 0.791235 0.000000 0.611512 0.242608 0.242608 0.242608
4894.455078 0.000000 1983.031616 0.000000 0.999331 0.000000 0.036576 0.249589 0.249589 0.249589
4870.925293 0.000000 1985.050293 0.000000 0.291510 0.000000 0.956568 0.236750 0.236750 0.236750
4926.039551 0.000000 2017.413452 0.000000 0.834716 0.000000 0.550681 0.243102 0.243102 0.243102
4927.265137 0.000000 2010.405029 0.000000 0.713350 0.000000 0.700808 0.241809 0.241809 0.241809
4899.450684 0.000000 1985.613892 0.000000 0.151727 0.000000 0.988422 0.234728 0.234728 0.234728
4881.383301 0.000000 2013.460571 0.000000 0.999184 0.000000 0.040394 0.249535 0.249535 0.249535
4899.259766 0.000000 1979.517578 0.000000 0.446320 0.000000 0.894873 0.237170 0.237170 0.237170
4873.044434 0.000000 1980.154541 0.000000 0.999854 0.000000 0.017072 0.249802 0.249802 0.249802
4897.452148 0.000000 2014.496948 0.000000 0.447875 0.000000 0.894096 0.238053 0.238053 0.238053
4902.902344 0.000000 2005.558960 0.000000 0.989515 0.000000 0.144432 0.248146 0.248146 0.248146
4868.623047 0.000000 2008.340332 0.000000 0.935177 0.000000 0.354181 0.246091 0.246091 0.246091
4919.150391 0.000000 2025.035767 0.000000 0.138017 0.000000 0.990430 0.232255 0.232255 0.232255
4920.202637 0.000000 1993.909668 0.000000 0.770603 0.000000 0.637315 0.241827 0.241827 0.241827
4874.491211 0.000000 1993.840698 0.000000 0.149793 0.000000 0.988717 0.230230 0.230230 0.230230
4874.294922 0.000000 1989.086182 0.000000 0.471695 0.000000 0.881762 0.236018 0.236018 0.236018
4894.290527 0.000000 1987.524048 0.000000 0.994742 0.000000 0.102414 0.248643 0.248643 0.248643
4874.729004 0.000000 1991.373047 0.000000 0.929965 0.000000 0.367649 0.245488 0.245488 0.245488
4878.561523 0.000000 1997.755859 0.000000 0.932870 0.000000 0.360212 0.245147 0.245147 0.245147
4875.736328 0.000000 1990.495972 0.000000 0.857145 0.000000 0.515075 0.243516 0.243516 0.243516
4871.020020 0.000000 1992.359985 0.000000 0.520382 0.000000 0.853934 0.236298 0.236298 0.236298
4875.324707 0.000000 1989.331543 0.000000 0.253836 0.000000 0.967247 0.232981 0.232981 0.232981
4874.836426 0.000000 1981.562744 0.000000 0.718994 0.000000 0.695016 0.239976 0.239976 0.239976
4899.462891 0.000000 1983.574707 0.000000 0.789359 0.000000 0.613932 0.241068 0.241068 0.241068
4916.822754 0.000000 2024.370972 0.000000 0.770546 0.000000 0.637385 0.240985 0.240985 0.240985
4897.091309 0.000000 1991.867065 0.000000 0.479138 0.000000 0.877740 0.233888 0.233888 0.233888
4903.352051 0.000000 1999.635254 0.000000 0.065432 0.000000 0.997857 0.230928 0.230928 0.230928
4897.670898 0.000000 1977.708862 0.000000 0.333446 0.000000 0.942769 0.233637 0.233637 0.233637
4879.096680 0.000000 1994.807373 0.000000 0.663875 0.000000 0.747843 0.239059 0.239059 0.239059
4917.727539 0.000000 2023.517456 0.000000 0.659456 0.000000 0.751743 0.237177 0.237177 0.237177
4904.170410 0.000000 1979.774170 0.000000 0.739208 0.000000 0.673477 0.238816 0.238816 0.238816
4872.331055 0.000000 1993.752686 0.000000 0.944607 0.000000 0.328203 0.245617 0.245617 0.245617
4907.487305 0.000000 1979.837402 0.000000 0.646866 0.000000 0.762604 0.237170 0.237170 0.237170
4918.587891 0.000000 2022.465210 0.000000 0.632606 0.000000 0.774474 0.235901 0.235901 0.235901
4905.614258 0.000000 1979.825439 0.000000 0.699298 0.000000 0.714830 0.237947 0.237947 0.237947
4904.486816 0.000000 1978.635254 0.000000 0.390247 0.000000 0.920710 0.232293 0.232293 0.232293
4893.636230 0.000000 1979.859253 0.000000 0.973735 0.000000 0.227685 0.246552 0.246552 0.246552
4897.361816 0.000000 1980.574951 0.000000 0.234565 0.000000 0.972100 0.228768 0.228768 0.228768
4894.460449 0.000000 1977.771362 0.000000 0.884970 0.000000 0.465648 0.242291 0.242291 0.242291
4892.705078 0.000000 1977.732788 0.000000 0.991522 0.000000 0.129939 0.247926 0.247926 0.247926
4894.013672 0.000000 1980.752075 0.000000 0.066184 0.000000 0.997807 0.226054 0.226054 0.226054
4897.391113 0.000000 1978.994141 0.000000 0.991726 0.000000 0.128374 0.247951 0.247951 0.247951
4929.116211 0.000000 2013.452393 0.000000 0.761722 0.000000 0.647904 0.243269 0.243269 0.243269
4930.702148 0.000000 1982.115845 0.000000 0.992149 0.000000 0.125058 0.248623 0.248623 0.248623
4928.976074 0.000000 1977.473389 0.000000 0.059762 0.000000 0.998213 0.232883 0.232883 0.232883
4929.194336 0.000000 1986.227417 0.000000 0.857602 0.000000 0.514313 0.243965 0.243965 0.243965
4931.273438 0.000000 2001.786377 0.000000 0.310349 0.000000 0.950623 0.236995 0.236995 0.236995
4928.011719 0.000000 2001.806274 0.000000 0.855170 0.000000 0.518348 0.244235 0.244235 0.244235
4935.009277 0.000000 1998.593018 0.000000 0.892733 0.000000 0.450587 0.245070 0.245070 0.245070
4932.648926 0.000000 1999.063110 0.000000 0.094442 0.000000 0.995530 0.233093 0.233093 0.233093
4930.810059 0.000000 1983.393433 0.000000 0.723285 0.000000 0.690550 0.241627 0.241627 0.241627
4930.113770 0.000000 1986.910278 0.000000 0.915159 0.000000 0.403092 0.243539 0.243539 0.243539
4928.250000 0.000000 1984.055542 0.000000 0.342341 0.000000 0.939576 0.233953 0.233953 0.233953
4932.121094 0.000000 2002.531128 0.000000 0.268149 0.000000 0.963377 0.230213 0.230213 0.230213
4928.978516 0.000000 1982.479004 0.000000 0.785515 0.000000 0.618843 0.241546 0.241546 0.241546
4931.896484 0.000000 2010.537109 0.000000 0.433722 0.000000 0.901047 0.233191 0.233191 0.233191
4931.028320 0.000000 2007.482788 0.000000 0.916133 0.000000 0.400873 0.243551 0.243551 0.243551
4932.174805 0.000000 2001.598877 0.000000 0.509250 0.000000 0.860619 0.234765 0.234765 0.234765
4929.979492 0.000000 1979.749634 0.000000 0.160049 0.000000 0.987109 0.227822 0.227822 0.227822
4931.525879 0.000000 2011.361328 0.000000 0.303894 0.000000 0.952706 0.231096 0.231096 0.231096
4933.907227 0.000000 1989.268433 0.000000 0.145666 0.000000 0.989334 0.227460 0.227460 0.227460
4928.187500 0.000000 1979.610474 0.000000 0.778889 0.000000 0.627162 0.239338 0.239338 0.239338
4929.411133 0.000000 1978.189697 0.000000 0.542370 0.000000 0.840140 0.234310 0.234310 0.234310
4931.518066 0.000000 1986.507690 0.000000 0.954865 0.000000 0.297039 0.245304 0.245304 0.245304
4928.912598 0.000000 2009.321777 0.000000 0.808955 0.000000 0.587870 0.239998 0.239998 0.239998
4933.149414 0.000000 2003.189087 0.000000 0.566868 0.000000 0.823808 0.235257 0.235257 0.235257
4933.930176 0.000000 2002.704590 0.000000 0.105025 0.000000 0.994470 0.227681 0.227681 0.227681
4930.098145 0.000000 2006.066528 0.000000 0.122651 0.000000 0.992450 0.227364 0.227364 0.227364
4859.459473 0.000000 2042.797607 0.000000 0.995046 0.000000 0.099412 0.249046 0.249046 0.249046
4861.091309 0.000000 2085.149170 0.000000 0.070659 0.000000 0.997500 0.234365 0.234365 0.234365
4863.538574 0.000000 2047.922729 0.000000 0.565282 0.000000 0.824897 0.239314 0.239314 0.239314
4863.412109 0.000000 2086.285645 0.000000 0.592336 0.000000 0.805691 0.239066 0.239066 0.239066
4859.795410 0.000000 2040.287964 0.000000 0.970386 0.000000 0.241561 0.247213 0.247213 0.247213
4862.282715 0.000000 2043.409302 0.000000 0.795942 0.000000 0.605373 0.240909 0.240909 0.240909
4860.605469 0.000000 2121.848389 0.000000 0.339241 0.000000 0.940699 0.238955 0.238955 0.238955
4840.666504 0.000000 2136.244385 0.000000 0.874073 0.000000 0.485794 0.245172 0.245172 0.245172
4858.544922 0.000000 2121.892578 0.000000 0.590033 0.000000 0.807379 0.240381 0.240381 0.240381
4857.095215 0.000000 2113.701416 0.000000 0.920885 0.000000 0.389834 0.245801 0.245801 0.245801
4839.593750 0.000000 2139.257812 0.000000 0.984115 0.000000 0.177530 0.247822 0.247822 0.247822
4838.686035 0.000000 2137.808350 0.000000 0.088063 0.000000 0.996115 0.226403 0.226403 0.226403
4824.071289 0.000000 2146.076904 0.000000 0.443280 0.000000 0.896383 0.234599 0.234599 0.234599
4826.419922 0.000000 2142.021973 0.000000 0.999921 0.000000 0.012552 0.249811 0.249811 0.249811
4661.732422 0.000000 2258.452881 0.000000 0.914327 0.000000 0.404977 0.245511 0.245511 0.245511
4813.681152 0.000000 2160.178955 0.000000 0.815399 0.000000 0.578899 0.243565 0.243565 0.243565
4824.050781 0.000000 2164.119141 0.000000 0.563836 0.000000 0.825887 0.240387 0.240387 0.240387
4815.409668 0.000000 2186.566406 0.000000 0.416567 0.000000 0.909105 0.237536 0.237536 0.237536
4821.357910 0.000000 2170.298828 0.000000 0.993088 0.000000 0.117368 0.248722 0.248722 0.248722
4813.854004 0.000000 2158.773682 0.000000 0.919241 0.000000 0.393696 0.244570 0.244570 0.244570
4812.760254 0.000000 2159.834473 0.000000 0.342784 0.000000 0.939414 0.233617 0.233617 0.233617
4827.457520 0.000000 2156.407715 0.000000 0.999648 0.000000 0.026540 0.249628 0.249628 0.249628
4816.772461 0.000000 2180.746338 0.000000 0.998233 0.000000 0.059422 0.249154 0.249154 0.249154
4815.231934 0.000000 2180.653564 0.000000 0.998563 0.000000 0.053595 0.249147 0.249147 0.249147
4888.196777 0.000000 2039.705566 0.000000 0.897468 0.000000 0.441079 0.245823 0.245823 0.245823
4873.114258 0.000000 2063.551270 0.000000 0.963140 0.000000 0.268999 0.247408 0.247408 0.247408
4884.698242 0.000000 2038.621582 0.000000 0.148384 0.000000 0.988930 0.235934 0.235934 0.235934
4866.838379 0.000000 2084.735840 0.000000 0.832982 0.000000 0.553300 0.244181 0.244181 0.244181
4889.317871 0.000000 2040.697876 0.000000 0.274324 0.000000 0.961637 0.235475 0.235475 0.235475
4887.808105 0.000000 2038.271240 0.000000 0.200882 0.000000 0.979616 0.234796 0.234796 0.234796
4864.036621 0.000000 2080.032715 0.000000 0.064747 0.000000 0.997902 0.233504 0.233504 0.233504
4874.621582 0.000000 2060.653564 0.000000 0.731732 0.000000 0.681593 0.240756 0.240756 0.240756
4865.433105 0.000000 2080.693359 0.000000 0.933226 0.000000 0.359291 0.245974 0.245974 0.245974
4886.916016 0.000000 2039.683594 0.000000 0.042190 0.000000 0.999110 0.233018 0.233018 0.233018
4889.454590 0.000000 2042.546143 0.000000 0.885791 0.000000 0.464084 0.244458 0.244458 0.244458
4867.816406 0.000000 2068.868164 0.000000 0.559714 0.000000 0.828686 0.237868 0.237868 0.237868
4866.820312 0.000000 2045.194824 0.000000 0.904005 0.000000 0.427522 0.244293 0.244293 0.244293
4662.278809 0.000000 2259.406982 0.000000 0.788013 0.000000 0.615659 0.243398 0.243398 0.243398
"}
object={
	name="bush_dry_02_generator_2_1"
	clamp_to_water_level=no
	render_under_water=no
	generated_content=yes
	layer="semidynamic_high"
	pdxmesh="tree_bush_06_mesh"
	count=272
	transform="4359.852051 0.000000 1731.708740 0.000000 0.792915 0.000000 -0.609333 0.256155 0.256155 0.256155
4361.779297 0.000000 1733.041382 0.000000 0.864964 0.000000 -0.501833 0.257120 0.257120 0.257120
4529.158691 0.000000 1785.644043 0.000000 0.254976 0.000000 -0.966947 0.260940 0.260940 0.260940
4480.226074 0.000000 1802.332642 0.000000 0.634553 0.000000 -0.772880 0.257416 0.257416 0.257416
4540.880859 0.000000 1774.245361 0.000000 0.074671 0.000000 -0.997208 0.262932 0.262932 0.262932
4496.405273 0.000000 1788.570679 0.000000 0.974276 0.000000 -0.225357 0.252128 0.252128 0.252128
4542.998535 0.000000 1774.997192 0.000000 0.319652 0.000000 -0.947535 0.261271 0.261271 0.261271
4502.003418 0.000000 1780.231934 0.000000 0.966441 0.000000 -0.256887 0.253284 0.253284 0.253284
4501.595215 0.000000 1782.183228 0.000000 0.991057 0.000000 -0.133437 0.251750 0.251750 0.251750
4509.837891 0.000000 1804.106445 0.000000 0.706727 0.000000 -0.707486 0.261012 0.261012 0.261012
4508.838379 0.000000 1804.415039 0.000000 0.813689 0.000000 -0.581300 0.258692 0.258692 0.258692
4487.513672 0.000000 1804.602417 0.000000 0.891745 0.000000 -0.452538 0.256126 0.256126 0.256126
4482.932129 0.000000 1804.159668 0.000000 0.947893 0.000000 -0.318589 0.255160 0.255160 0.255160
4506.767578 0.000000 1804.843872 0.000000 0.144908 0.000000 -0.989445 0.272686 0.272686 0.272686
4501.472656 0.000000 1785.284668 0.000000 0.828914 0.000000 -0.559377 0.258522 0.258522 0.258522
4498.853516 0.000000 1788.720947 0.000000 0.997177 0.000000 -0.075088 0.251058 0.251058 0.251058
4498.120117 0.000000 1788.146606 0.000000 0.998276 0.000000 -0.058696 0.250827 0.250827 0.250827
4499.066895 0.000000 1786.800659 0.000000 0.305281 0.000000 -0.952262 0.269905 0.269905 0.269905
4498.149902 0.000000 1787.177368 0.000000 0.825130 0.000000 -0.564942 0.259480 0.259480 0.259480
4499.633301 0.000000 1787.884033 0.000000 0.872591 0.000000 -0.488451 0.258058 0.258058 0.258058
4547.605469 0.000000 1774.292236 0.000000 0.144503 0.000000 -0.989504 0.261880 0.261880 0.261880
4503.808105 0.000000 1812.333740 0.000000 0.992135 0.000000 -0.125173 0.251504 0.251504 0.251504
4482.168457 0.000000 1807.519653 0.000000 0.310479 0.000000 -0.950580 0.266803 0.266803 0.266803
4505.643555 0.000000 1808.822266 0.000000 0.833831 0.000000 -0.552020 0.257938 0.257938 0.257938
4502.253418 0.000000 1809.565674 0.000000 0.103657 0.000000 -0.994613 0.271104 0.271104 0.271104
4504.195801 0.000000 1810.627441 0.000000 0.152600 0.000000 -0.988288 0.268801 0.268801 0.268801
4504.019043 0.000000 1808.615112 0.000000 0.842688 0.000000 -0.538402 0.257718 0.257718 0.257718
4503.303223 0.000000 1815.859619 0.000000 0.128224 0.000000 -0.991745 0.271918 0.271918 0.271918
4500.319824 0.000000 1810.313477 0.000000 0.994125 0.000000 -0.108240 0.251496 0.251496 0.251496
4500.721680 0.000000 1811.719971 0.000000 0.943738 0.000000 -0.330693 0.254649 0.254649 0.254649
4863.035645 0.000000 1962.076904 0.000000 0.157677 0.000000 -0.987491 0.263885 0.263885 0.263885
4861.962402 0.000000 1966.256836 0.000000 0.494564 0.000000 -0.869141 0.261901 0.261901 0.261901
4859.144043 0.000000 1972.658447 0.000000 0.438562 0.000000 -0.898701 0.261640 0.261640 0.261640
4861.369629 0.000000 1967.764526 0.000000 0.350594 0.000000 -0.936528 0.263698 0.263698 0.263698
4854.159668 0.000000 1971.115479 0.000000 0.725260 0.000000 -0.688475 0.258436 0.258436 0.258436
4863.301758 0.000000 1964.566895 0.000000 0.629043 0.000000 -0.777370 0.260588 0.260588 0.260588
4863.464844 0.000000 1966.789917 0.000000 0.579613 0.000000 -0.814892 0.264477 0.264477 0.264477
4860.064453 0.000000 1972.147217 0.000000 0.516166 0.000000 -0.856488 0.266368 0.266368 0.266368
4861.085938 0.000000 1973.125000 0.000000 0.977387 0.000000 -0.211460 0.253391 0.253391 0.253391
4862.041016 0.000000 1967.161499 0.000000 0.896069 0.000000 -0.443916 0.256990 0.256990 0.256990
4861.879883 0.000000 1972.655396 0.000000 0.836641 0.000000 -0.547752 0.259226 0.259226 0.259226
4861.119141 0.000000 1973.966919 0.000000 0.023058 0.000000 -0.999734 0.274633 0.274633 0.274633
4878.936035 0.000000 1910.556274 0.000000 0.974628 0.000000 -0.223831 0.252078 0.252078 0.252078
4881.633301 0.000000 1912.813232 0.000000 0.629833 0.000000 -0.776731 0.258882 0.258882 0.258882
4887.844727 0.000000 1911.505005 0.000000 0.399969 0.000000 -0.916529 0.262084 0.262084 0.262084
4888.109375 0.000000 1906.947632 0.000000 0.985130 0.000000 -0.171808 0.252215 0.252215 0.252215
4881.554199 0.000000 1910.165039 0.000000 0.889040 0.000000 -0.457829 0.256396 0.256396 0.256396
4904.336914 0.000000 1919.690430 0.000000 0.008512 0.000000 -0.999964 0.268136 0.268136 0.268136
4884.768066 0.000000 1908.924194 0.000000 0.639093 0.000000 -0.769130 0.261282 0.261282 0.261282
4877.243652 0.000000 1927.709839 0.000000 0.870661 0.000000 -0.491884 0.254477 0.254477 0.254477
4865.278809 0.000000 1966.343994 0.000000 0.313654 0.000000 -0.949537 0.261680 0.261680 0.261680
4917.305176 0.000000 1934.119629 0.000000 0.201957 0.000000 -0.979394 0.262802 0.262802 0.262802
4895.429199 0.000000 1944.396851 0.000000 0.995011 0.000000 -0.099768 0.250929 0.250929 0.250929
4924.200684 0.000000 1964.541382 0.000000 0.898857 0.000000 -0.438242 0.254757 0.254757 0.254757
4891.848633 0.000000 1974.127930 0.000000 0.790869 0.000000 -0.611986 0.256803 0.256803 0.256803
4925.407227 0.000000 1957.852295 0.000000 0.999991 0.000000 -0.004206 0.250045 0.250045 0.250045
4877.156250 0.000000 1929.405151 0.000000 0.999581 0.000000 -0.028961 0.250318 0.250318 0.250318
4890.534668 0.000000 1975.264160 0.000000 0.862015 0.000000 -0.506883 0.255491 0.255491 0.255491
4890.288574 0.000000 1940.301514 0.000000 0.347437 0.000000 -0.937703 0.263926 0.263926 0.263926
4880.744141 0.000000 1930.063477 0.000000 0.406853 0.000000 -0.913494 0.262113 0.262113 0.262113
4864.096680 0.000000 1960.506226 0.000000 0.889472 0.000000 -0.456990 0.255954 0.255954 0.255954
4886.880859 0.000000 1961.031982 0.000000 0.995518 0.000000 -0.094576 0.251123 0.251123 0.251123
4896.928711 0.000000 1936.459961 0.000000 0.015885 0.000000 -0.999874 0.266401 0.266401 0.266401
4896.531738 0.000000 1943.656372 0.000000 0.942920 0.000000 -0.333019 0.253698 0.253698 0.253698
4925.468262 0.000000 1968.955322 0.000000 0.949693 0.000000 -0.313183 0.254364 0.254364 0.254364
4874.491211 0.000000 1937.356323 0.000000 0.120739 0.000000 -0.992684 0.267690 0.267690 0.267690
4877.854004 0.000000 1932.836182 0.000000 0.077278 0.000000 -0.997010 0.267897 0.267897 0.267897
4919.606934 0.000000 1949.360840 0.000000 0.737797 0.000000 -0.675022 0.259134 0.259134 0.259134
4896.945312 0.000000 1939.124146 0.000000 0.966877 0.000000 -0.255244 0.253238 0.253238 0.253238
4914.367676 0.000000 1955.097778 0.000000 0.205377 0.000000 -0.978683 0.266132 0.266132 0.266132
4922.901367 0.000000 1968.494263 0.000000 0.802600 0.000000 -0.596518 0.258537 0.258537 0.258537
4923.732422 0.000000 1943.170898 0.000000 0.999015 0.000000 -0.044384 0.250579 0.250579 0.250579
4920.056152 0.000000 1955.074951 0.000000 0.903153 0.000000 -0.429319 0.255498 0.255498 0.255498
4926.953125 0.000000 1945.626343 0.000000 0.176954 0.000000 -0.984219 0.269430 0.269430 0.269430
4903.576660 0.000000 1938.855225 0.000000 0.822626 0.000000 -0.568583 0.257832 0.257832 0.257832
4924.821777 0.000000 1942.508301 0.000000 0.698358 0.000000 -0.715748 0.259808 0.259808 0.259808
4894.679199 0.000000 1974.434082 0.000000 0.612763 0.000000 -0.790266 0.262313 0.262313 0.262313
4926.343750 0.000000 1942.073120 0.000000 0.785918 0.000000 -0.618330 0.259299 0.259299 0.259299
4894.740723 0.000000 1946.692749 0.000000 0.988354 0.000000 -0.152170 0.251897 0.251897 0.251897
4889.416992 0.000000 1961.807861 0.000000 0.981917 0.000000 -0.189312 0.252859 0.252859 0.252859
4927.271973 0.000000 1943.389526 0.000000 0.959706 0.000000 -0.281006 0.253973 0.253973 0.253973
4892.533691 0.000000 1974.933105 0.000000 0.294735 0.000000 -0.955579 0.267421 0.267421 0.267421
4886.202637 0.000000 1957.996460 0.000000 0.994955 0.000000 -0.100320 0.251336 0.251336 0.251336
4916.645020 0.000000 1955.537842 0.000000 0.987207 0.000000 -0.159441 0.252179 0.252179 0.252179
4922.651855 0.000000 1942.051392 0.000000 0.685200 0.000000 -0.728355 0.260643 0.260643 0.260643
4921.621094 0.000000 1956.110840 0.000000 0.179975 0.000000 -0.983671 0.268954 0.268954 0.268954
4923.196289 0.000000 1956.075195 0.000000 0.813375 0.000000 -0.581740 0.257983 0.257983 0.257983
4918.512695 0.000000 1954.622681 0.000000 0.832549 0.000000 -0.553952 0.258300 0.258300 0.258300
4917.153809 0.000000 1950.092285 0.000000 0.993556 0.000000 -0.113345 0.251592 0.251592 0.251592
4918.652344 0.000000 1943.951538 0.000000 0.879615 0.000000 -0.475687 0.257271 0.257271 0.257271
4925.210449 0.000000 1966.811890 0.000000 0.349705 0.000000 -0.936860 0.266360 0.266360 0.266360
4916.507324 0.000000 1957.900269 0.000000 0.705510 0.000000 -0.708700 0.261012 0.261012 0.261012
4900.620117 0.000000 1939.819702 0.000000 0.987981 0.000000 -0.154574 0.252344 0.252344 0.252344
4918.564941 0.000000 1956.285767 0.000000 0.734956 0.000000 -0.678114 0.260860 0.260860 0.260860
4893.956543 0.000000 1976.888672 0.000000 0.729323 0.000000 -0.684170 0.261992 0.261992 0.261992
4888.651367 0.000000 1960.247192 0.000000 0.411962 0.000000 -0.911201 0.267205 0.267205 0.267205
4929.602051 0.000000 1950.842041 0.000000 0.998723 0.000000 -0.050524 0.250429 0.250429 0.250429
4934.827637 0.000000 1976.467651 0.000000 0.664643 0.000000 -0.747161 0.257268 0.257268 0.257268
4935.561523 0.000000 1971.442627 0.000000 0.339464 0.000000 -0.940619 0.261081 0.261081 0.261081
4931.273438 0.000000 1945.302002 0.000000 0.187014 0.000000 -0.982357 0.265879 0.265879 0.265879
4929.273926 0.000000 1947.988525 0.000000 0.367350 0.000000 -0.930083 0.264204 0.264204 0.264204
4928.096680 0.000000 1960.506226 0.000000 0.970229 0.000000 -0.242188 0.252893 0.252893 0.252893
4929.633789 0.000000 1946.199341 0.000000 0.147643 0.000000 -0.989041 0.266915 0.266915 0.266915
4937.015625 0.000000 1952.450806 0.000000 0.984847 0.000000 -0.173423 0.251909 0.251909 0.251909
4929.161133 0.000000 1959.748901 0.000000 0.918108 0.000000 -0.396330 0.254769 0.254769 0.254769
4930.696289 0.000000 1950.111328 0.000000 0.999727 0.000000 -0.023351 0.250308 0.250308 0.250308
4934.643066 0.000000 1972.351440 0.000000 0.478345 0.000000 -0.878172 0.263616 0.263616 0.263616
4930.538086 0.000000 1944.286743 0.000000 0.802786 0.000000 -0.596267 0.257337 0.257337 0.257337
4931.816406 0.000000 1955.899414 0.000000 0.119228 0.000000 -0.992867 0.267663 0.267663 0.267663
4932.567383 0.000000 1960.885254 0.000000 0.452101 0.000000 -0.891967 0.265299 0.265299 0.265299
4933.003906 0.000000 1953.907593 0.000000 0.517133 0.000000 -0.855905 0.264747 0.264747 0.264747
4928.926758 0.000000 1975.980591 0.000000 0.201229 0.000000 -0.979544 0.268915 0.268915 0.268915
4931.138672 0.000000 1959.725342 0.000000 0.100040 0.000000 -0.994983 0.270009 0.270009 0.270009
4932.047852 0.000000 1974.917358 0.000000 0.074305 0.000000 -0.997236 0.273723 0.273723 0.273723
4933.281250 0.000000 1960.070068 0.000000 0.735105 0.000000 -0.677953 0.260345 0.260345 0.260345
4932.746582 0.000000 1971.035767 0.000000 0.387520 0.000000 -0.921861 0.268044 0.268044 0.268044
4931.876465 0.000000 1958.875732 0.000000 0.334508 0.000000 -0.942393 0.266732 0.266732 0.266732
4930.932129 0.000000 1973.612793 0.000000 0.186481 0.000000 -0.982459 0.272015 0.272015 0.272015
4933.837402 0.000000 1968.621704 0.000000 0.629117 0.000000 -0.777311 0.261503 0.261503 0.261503
4930.178223 0.000000 1959.389648 0.000000 0.607585 0.000000 -0.794255 0.262488 0.262488 0.262488
4929.188965 0.000000 1942.571533 0.000000 0.447201 0.000000 -0.894434 0.264477 0.264477 0.264477
4931.649414 0.000000 1960.585815 0.000000 0.287988 0.000000 -0.957634 0.267557 0.267557 0.267557
4935.159668 0.000000 1953.117676 0.000000 0.418160 0.000000 -0.908373 0.266249 0.266249 0.266249
4930.057129 0.000000 1975.770752 0.000000 0.077736 0.000000 -0.996974 0.271665 0.271665 0.271665
4930.414551 0.000000 1971.025391 0.000000 0.032062 0.000000 -0.999486 0.274490 0.274490 0.274490
4930.403320 0.000000 1969.458130 0.000000 0.435352 0.000000 -0.900260 0.267831 0.267831 0.267831
4931.586914 0.000000 1971.396362 0.000000 0.148499 0.000000 -0.988913 0.272628 0.272628 0.272628
4928.005859 0.000000 1972.581909 0.000000 0.935876 0.000000 -0.352329 0.255731 0.255731 0.255731
4933.699219 0.000000 1975.048706 0.000000 0.836974 0.000000 -0.547242 0.259180 0.259180 0.259180
4930.433594 0.000000 1968.668701 0.000000 0.462080 0.000000 -0.886838 0.267355 0.267355 0.267355
4935.251465 0.000000 1975.220947 0.000000 0.453465 0.000000 -0.891274 0.267509 0.267509 0.267509
4927.291016 0.000000 1977.358154 0.000000 0.039520 0.000000 -0.999219 0.262520 0.262520 0.262520
4914.714844 0.000000 2027.426025 0.000000 0.406436 0.000000 -0.913679 0.260680 0.260680 0.260680
4897.762695 0.000000 1988.321655 0.000000 0.997079 0.000000 -0.076378 0.250704 0.250704 0.250704
4897.651855 0.000000 2013.150635 0.000000 0.767150 0.000000 -0.641468 0.256194 0.256194 0.256194
4926.677246 0.000000 1979.499146 0.000000 0.309214 0.000000 -0.950992 0.262037 0.262037 0.262037
4879.977051 0.000000 2026.020264 0.000000 0.865083 0.000000 -0.501628 0.255018 0.255018 0.255018
4901.382812 0.000000 2004.535156 0.000000 0.284163 0.000000 -0.958776 0.262649 0.262649 0.262649
4889.195312 0.000000 2022.528931 0.000000 0.831327 0.000000 -0.555783 0.255535 0.255535 0.255535
4897.556152 0.000000 2003.627441 0.000000 0.832609 0.000000 -0.553861 0.255844 0.255844 0.255844
4898.170410 0.000000 2005.310425 0.000000 0.227713 0.000000 -0.973728 0.263057 0.263057 0.263057
4905.028320 0.000000 2003.659912 0.000000 0.848610 0.000000 -0.529019 0.255445 0.255445 0.255445
4876.884766 0.000000 2023.935547 0.000000 0.842711 0.000000 -0.538366 0.256156 0.256156 0.256156
4876.302734 0.000000 1997.351562 0.000000 0.994450 0.000000 -0.105209 0.251125 0.251125 0.251125
4927.487793 0.000000 1993.281250 0.000000 0.806456 0.000000 -0.591294 0.256259 0.256259 0.256259
4881.270508 0.000000 2027.770752 0.000000 0.753205 0.000000 -0.657785 0.257975 0.257975 0.257975
4925.523438 0.000000 1990.538574 0.000000 0.858036 0.000000 -0.513589 0.255807 0.255807 0.255807
4885.261719 0.000000 2024.114014 0.000000 0.965999 0.000000 -0.258545 0.252750 0.252750 0.252750
4873.760254 0.000000 1985.654785 0.000000 0.728661 0.000000 -0.684875 0.258240 0.258240 0.258240
4873.455566 0.000000 1981.720215 0.000000 0.644137 0.000000 -0.764910 0.260083 0.260083 0.260083
4876.710449 0.000000 2013.686890 0.000000 0.538678 0.000000 -0.842512 0.261600 0.261600 0.261600
4922.513184 0.000000 1990.649536 0.000000 0.990159 0.000000 -0.139949 0.251591 0.251591 0.251591
4923.111816 0.000000 2018.076172 0.000000 0.717626 0.000000 -0.696429 0.258150 0.258150 0.258150
4926.061523 0.000000 1985.141235 0.000000 0.987188 0.000000 -0.159562 0.251925 0.251925 0.251925
4893.169434 0.000000 1980.552734 0.000000 0.795907 0.000000 -0.605419 0.257346 0.257346 0.257346
4922.884277 0.000000 1992.236694 0.000000 0.345524 0.000000 -0.938410 0.263494 0.263494 0.263494
4894.441895 0.000000 1988.917236 0.000000 0.624778 0.000000 -0.780802 0.261156 0.261156 0.261156
4879.887695 0.000000 2024.690430 0.000000 0.839585 0.000000 -0.543228 0.256792 0.256792 0.256792
4918.159668 0.000000 2027.599854 0.000000 0.636080 0.000000 -0.771623 0.260149 0.260149 0.260149
4926.371094 0.000000 2008.242798 0.000000 0.713470 0.000000 -0.700686 0.259231 0.259231 0.259231
4877.373047 0.000000 2012.222046 0.000000 0.986782 0.000000 -0.162055 0.251885 0.251885 0.251885
4899.236328 0.000000 1981.474243 0.000000 0.999957 0.000000 -0.009288 0.250113 0.250113 0.250113
4877.509277 0.000000 2014.729370 0.000000 0.156853 0.000000 -0.987622 0.267686 0.267686 0.267686
4866.696289 0.000000 2006.595703 0.000000 0.998007 0.000000 -0.063100 0.250723 0.250723 0.250723
4922.285645 0.000000 1993.371826 0.000000 0.663973 0.000000 -0.747757 0.259358 0.259358 0.259358
4879.086426 0.000000 2014.488403 0.000000 0.387218 0.000000 -0.921988 0.265706 0.265706 0.265706
4899.340820 0.000000 1978.208252 0.000000 0.925166 0.000000 -0.379563 0.254507 0.254507 0.254507
4879.969727 0.000000 1994.357178 0.000000 0.307066 0.000000 -0.951688 0.266301 0.266301 0.266301
4921.149414 0.000000 1993.058716 0.000000 0.168601 0.000000 -0.985684 0.266575 0.266575 0.266575
4879.254395 0.000000 2022.337036 0.000000 0.517017 0.000000 -0.855975 0.263050 0.263050 0.263050
4922.231934 0.000000 2020.356323 0.000000 0.252339 0.000000 -0.967639 0.265561 0.265561 0.265561
4908.792969 0.000000 1978.531982 0.000000 0.789707 0.000000 -0.613485 0.259007 0.259007 0.259007
4878.024902 0.000000 2024.265991 0.000000 0.269330 0.000000 -0.963048 0.265353 0.265353 0.265353
4897.033203 0.000000 1983.070801 0.000000 0.240607 0.000000 -0.970623 0.266036 0.266036 0.266036
4914.142090 0.000000 2025.865601 0.000000 0.992147 0.000000 -0.125075 0.251597 0.251597 0.251597
4879.009277 0.000000 2025.441284 0.000000 0.818825 0.000000 -0.574044 0.257232 0.257232 0.257232
4882.167969 0.000000 1995.221191 0.000000 0.996491 0.000000 -0.083703 0.251091 0.251091 0.251091
4903.639160 0.000000 1998.362915 0.000000 0.613043 0.000000 -0.790050 0.261541 0.261541 0.261541
4879.213379 0.000000 1996.612793 0.000000 0.999883 0.000000 -0.015274 0.250201 0.250201 0.250201
4927.198730 0.000000 2017.465454 0.000000 0.992938 0.000000 -0.118638 0.251406 0.251406 0.251406
4875.067383 0.000000 1992.455444 0.000000 0.999884 0.000000 -0.015200 0.250212 0.250212 0.250212
4917.469238 0.000000 2025.643433 0.000000 0.965350 0.000000 -0.260960 0.253444 0.253444 0.253444
4904.736816 0.000000 2004.744385 0.000000 0.925916 0.000000 -0.377730 0.254605 0.254605 0.254605
4871.262695 0.000000 1993.423340 0.000000 0.952039 0.000000 -0.305976 0.254163 0.254163 0.254163
4895.259766 0.000000 1986.701050 0.000000 0.999960 0.000000 -0.008928 0.250118 0.250118 0.250118
4921.070312 0.000000 2023.671875 0.000000 0.995252 0.000000 -0.097327 0.251302 0.251302 0.251302
4902.395508 0.000000 2004.672974 0.000000 0.994264 0.000000 -0.106950 0.251371 0.251371 0.251371
4880.733398 0.000000 1995.482666 0.000000 0.636944 0.000000 -0.770910 0.261620 0.261620 0.261620
4897.595215 0.000000 1981.564575 0.000000 0.178062 0.000000 -0.984019 0.272151 0.272151 0.272151
4921.340332 0.000000 2021.732178 0.000000 0.996288 0.000000 -0.086085 0.251175 0.251175 0.251175
4919.424316 0.000000 2022.278198 0.000000 0.883069 0.000000 -0.469244 0.257774 0.257774 0.257774
4878.741699 0.000000 1995.764038 0.000000 0.546872 0.000000 -0.837216 0.262849 0.262849 0.262849
4873.038574 0.000000 1992.814087 0.000000 0.783502 0.000000 -0.621389 0.258788 0.258788 0.258788
4908.436035 0.000000 1979.442871 0.000000 0.941119 0.000000 -0.338075 0.254703 0.254703 0.254703
4907.600586 0.000000 1978.019531 0.000000 0.952817 0.000000 -0.303546 0.254562 0.254562 0.254562
4904.069336 0.000000 2000.270020 0.000000 0.805687 0.000000 -0.592341 0.259417 0.259417 0.259417
4916.807129 0.000000 2022.137207 0.000000 0.035543 0.000000 -0.999368 0.273141 0.273141 0.273141
4895.787109 0.000000 1977.027588 0.000000 0.984842 0.000000 -0.173454 0.252775 0.252775 0.252775
4898.942871 0.000000 1982.802002 0.000000 0.779901 0.000000 -0.625902 0.259138 0.259138 0.259138
4876.170898 0.000000 1994.378296 0.000000 0.930465 0.000000 -0.366381 0.255116 0.255116 0.255116
4895.954590 0.000000 1981.693481 0.000000 0.083529 0.000000 -0.996505 0.273669 0.273669 0.273669
4927.109863 0.000000 1983.995850 0.000000 0.278100 0.000000 -0.960552 0.268182 0.268182 0.268182
4896.451172 0.000000 1980.264893 0.000000 0.995602 0.000000 -0.093689 0.251493 0.251493 0.251493
4895.036621 0.000000 1979.348389 0.000000 0.863325 0.000000 -0.504649 0.258419 0.258419 0.258419
4905.647461 0.000000 1978.308105 0.000000 0.779202 0.000000 -0.626773 0.260253 0.260253 0.260253
4927.500000 0.000000 2014.252563 0.000000 0.589245 0.000000 -0.807955 0.264061 0.264061 0.264061
4894.121094 0.000000 1979.175171 0.000000 0.152358 0.000000 -0.988325 0.272566 0.272566 0.272566
4900.307617 0.000000 1983.468262 0.000000 0.994891 0.000000 -0.100956 0.251562 0.251562 0.251562
4927.631348 0.000000 2015.532715 0.000000 0.113607 0.000000 -0.993526 0.271778 0.271778 0.271778
4926.232422 0.000000 2014.331543 0.000000 0.091421 0.000000 -0.995812 0.272112 0.272112 0.272112
4878.374512 0.000000 2012.598511 0.000000 0.991223 0.000000 -0.132204 0.252110 0.252110 0.252110
4901.363770 0.000000 1982.233521 0.000000 0.455847 0.000000 -0.890058 0.266953 0.266953 0.266953
4879.892090 0.000000 2012.541870 0.000000 0.397748 0.000000 -0.917495 0.268490 0.268490 0.268490
4878.937012 0.000000 2013.719360 0.000000 0.507136 0.000000 -0.861866 0.266535 0.266535 0.266535
4893.207520 0.000000 1977.066406 0.000000 0.582594 0.000000 -0.812763 0.265102 0.265102 0.265102
4928.520996 0.000000 1996.723145 0.000000 0.700851 0.000000 -0.713308 0.258005 0.258005 0.258005
4931.459473 0.000000 2013.469360 0.000000 0.422499 0.000000 -0.906364 0.261330 0.261330 0.261330
4932.025391 0.000000 1981.178467 0.000000 0.178750 0.000000 -0.983894 0.264630 0.264630 0.264630
4931.585449 0.000000 1996.546387 0.000000 0.463443 0.000000 -0.886127 0.261146 0.261146 0.261146
4932.728516 0.000000 1997.199463 0.000000 0.142580 0.000000 -0.989783 0.268134 0.268134 0.268134
4930.951172 0.000000 1999.053955 0.000000 0.368318 0.000000 -0.929700 0.263745 0.263745 0.263745
4930.168457 0.000000 1976.972778 0.000000 0.660250 0.000000 -0.751046 0.260129 0.260129 0.260129
4929.854492 0.000000 1992.396484 0.000000 0.660218 0.000000 -0.751074 0.259864 0.259864 0.259864
4934.992676 0.000000 1997.020142 0.000000 0.997892 0.000000 -0.064892 0.250861 0.250861 0.250861
4929.178223 0.000000 1984.572754 0.000000 0.378220 0.000000 -0.925716 0.265541 0.265541 0.265541
4935.842285 0.000000 1997.817871 0.000000 0.796560 0.000000 -0.604559 0.258610 0.258610 0.258610
4933.485352 0.000000 1996.377686 0.000000 0.577756 0.000000 -0.816209 0.262127 0.262127 0.262127
4933.718750 0.000000 1991.464966 0.000000 0.052644 0.000000 -0.998613 0.270277 0.270277 0.270277
4928.444336 0.000000 2006.677734 0.000000 0.534723 0.000000 -0.845028 0.263602 0.263602 0.263602
4931.663086 0.000000 1980.193848 0.000000 0.083964 0.000000 -0.996469 0.268744 0.268744 0.268744
4929.819824 0.000000 1985.444824 0.000000 0.980876 0.000000 -0.194632 0.252574 0.252574 0.252574
4932.396973 0.000000 1989.139404 0.000000 0.915923 0.000000 -0.401354 0.256534 0.256534 0.256534
4863.487793 0.000000 2049.765625 0.000000 0.336181 0.000000 -0.941797 0.263067 0.263067 0.263067
4858.988770 0.000000 2123.555908 0.000000 0.981804 0.000000 -0.189898 0.251687 0.251687 0.251687
4836.845703 0.000000 2135.901855 0.000000 0.199773 0.000000 -0.979842 0.263122 0.263122 0.263122
4858.285645 0.000000 2106.340576 0.000000 0.501051 0.000000 -0.865418 0.261816 0.261816 0.261816
4835.721191 0.000000 2135.119873 0.000000 0.578059 0.000000 -0.815995 0.262361 0.262361 0.262361
4826.963867 0.000000 2142.754395 0.000000 0.972394 0.000000 -0.233345 0.253543 0.253543 0.253543
4834.259277 0.000000 2135.900146 0.000000 0.998936 0.000000 -0.046126 0.250598 0.250598 0.250598
4826.767578 0.000000 2143.750244 0.000000 0.043290 0.000000 -0.999063 0.272976 0.272976 0.272976
4839.334473 0.000000 2141.029785 0.000000 0.764313 0.000000 -0.644845 0.260388 0.260388 0.260388
4660.032715 0.000000 2258.654053 0.000000 0.999507 0.000000 -0.031389 0.250338 0.250338 0.250338
4816.405273 0.000000 2183.961426 0.000000 0.374415 0.000000 -0.927261 0.260780 0.260780 0.260780
4824.548340 0.000000 2148.463135 0.000000 0.628775 0.000000 -0.777587 0.259591 0.259591 0.259591
4826.827148 0.000000 2157.475098 0.000000 0.793568 0.000000 -0.608481 0.259166 0.259166 0.259166
4811.722656 0.000000 2156.745117 0.000000 0.081409 0.000000 -0.996681 0.269613 0.269613 0.269613
4824.019043 0.000000 2147.521240 0.000000 0.385009 0.000000 -0.922913 0.266289 0.266289 0.266289
4813.107910 0.000000 2158.055176 0.000000 0.731247 0.000000 -0.682113 0.260073 0.260073 0.260073
4810.650879 0.000000 2156.683105 0.000000 0.966155 0.000000 -0.257961 0.253436 0.253436 0.253436
4814.203613 0.000000 2181.110840 0.000000 0.632625 0.000000 -0.774458 0.264099 0.264099 0.264099
4817.591309 0.000000 2181.916260 0.000000 0.249489 0.000000 -0.968378 0.268765 0.268765 0.268765
4815.898438 0.000000 2181.179443 0.000000 0.997454 0.000000 -0.071318 0.251136 0.251136 0.251136
4815.892090 0.000000 2181.994873 0.000000 0.932389 0.000000 -0.361456 0.255886 0.255886 0.255886
4873.424316 0.000000 2061.311279 0.000000 0.999075 0.000000 -0.042994 0.250362 0.250362 0.250362
4867.856934 0.000000 2083.509521 0.000000 0.973005 0.000000 -0.230783 0.251984 0.251984 0.251984
4887.051758 0.000000 2036.485352 0.000000 0.848233 0.000000 -0.529624 0.255609 0.255609 0.255609
4890.396484 0.000000 2043.475220 0.000000 0.882067 0.000000 -0.471125 0.254899 0.254899 0.254899
4886.760742 0.000000 2042.641968 0.000000 0.897248 0.000000 -0.441527 0.254524 0.254524 0.254524
4864.951172 0.000000 2047.672729 0.000000 0.395762 0.000000 -0.918353 0.262059 0.262059 0.262059
4871.860840 0.000000 2066.777588 0.000000 0.536154 0.000000 -0.844120 0.261948 0.261948 0.261948
4865.707031 0.000000 2081.941406 0.000000 0.321055 0.000000 -0.947061 0.263626 0.263626 0.263626
4870.769043 0.000000 2069.444824 0.000000 0.598757 0.000000 -0.800931 0.260348 0.260348 0.260348
4870.449219 0.000000 2065.407471 0.000000 0.756322 0.000000 -0.654199 0.257923 0.257923 0.257923
4874.195801 0.000000 2063.772217 0.000000 0.009180 0.000000 -0.999958 0.270517 0.270517 0.270517
4875.079102 0.000000 2061.793701 0.000000 0.523907 0.000000 -0.851776 0.262565 0.262565 0.262565
4866.417969 0.000000 2069.345215 0.000000 0.941987 0.000000 -0.335649 0.254251 0.254251 0.254251
4873.938477 0.000000 2067.923828 0.000000 0.471611 0.000000 -0.881807 0.263107 0.263107 0.263107
4867.737793 0.000000 2044.692261 0.000000 0.999999 0.000000 -0.001191 0.250015 0.250015 0.250015
4872.711426 0.000000 2064.483398 0.000000 0.152739 0.000000 -0.988267 0.268711 0.268711 0.268711
4658.757324 0.000000 2260.723145 0.000000 0.475435 0.000000 -0.879751 0.261443 0.261443 0.261443
4661.412598 0.000000 2262.170898 0.000000 0.018455 0.000000 -0.999830 0.266519 0.266519 0.266519
5950.127441 0.000000 2898.143066 0.000000 0.409717 0.000000 -0.912212 0.259571 0.259571 0.259571
"}
