object={
	name="bush_01_generator_1_0"
	clamp_to_water_level=no
	render_under_water=no
	generated_content=yes
	layer="semidynamic_medium"
	pdxmesh="tree_bush_01_mesh"
	count=295
	transform="2938.134033 0.000000 3190.589355 0.000000 0.982895 0.000000 0.184168 0.134775 0.134775 0.134775
2930.333252 0.000000 3202.061523 0.000000 0.687266 0.000000 0.726405 0.170266 0.170266 0.170266
2917.084961 0.000000 3234.406982 0.000000 0.824363 0.000000 -0.566061 0.192412 0.192412 0.192412
2916.590088 0.000000 3229.615967 0.000000 0.998702 0.000000 0.050925 0.137032 0.137032 0.137032
2937.614258 0.000000 3271.990479 0.000000 0.972040 0.000000 -0.234814 0.153531 0.153531 0.153531
2914.040283 0.000000 3237.914307 0.000000 0.145403 0.000000 0.989373 0.154562 0.154562 0.154562
2935.341309 0.000000 3270.901367 0.000000 0.952475 0.000000 -0.304617 0.191221 0.191221 0.191221
2914.304199 0.000000 3235.709229 0.000000 0.373392 0.000000 0.927674 0.146618 0.146618 0.146618
2915.804932 0.000000 3238.523682 0.000000 0.693655 0.000000 0.720308 0.178504 0.178504 0.178504
2934.159912 0.000000 3270.256104 0.000000 0.999909 0.000000 -0.013499 0.189437 0.189437 0.189437
2917.055908 0.000000 3233.052490 0.000000 0.107229 0.000000 0.994234 0.190684 0.190684 0.190684
2950.927734 0.000000 3225.956787 0.000000 0.563873 0.000000 0.825862 0.142782 0.142782 0.142782
2954.945312 0.000000 3219.755615 0.000000 0.426680 0.000000 0.904403 0.173904 0.173904 0.173904
2907.221924 0.000000 3322.122314 0.000000 0.820226 0.000000 -0.572040 0.145626 0.145626 0.145626
2909.565674 0.000000 3319.392578 0.000000 0.873747 0.000000 0.486381 0.157634 0.157634 0.157634
2921.246582 0.000000 3324.405518 0.000000 0.845827 0.000000 -0.533458 0.152259 0.152259 0.152259
2899.100342 0.000000 3328.840576 0.000000 0.669067 0.000000 0.743202 0.194666 0.194666 0.194666
2918.352295 0.000000 3325.282227 0.000000 0.995267 0.000000 -0.097181 0.180389 0.180389 0.180389
2908.691406 0.000000 3324.186035 0.000000 0.996786 0.000000 0.080108 0.171550 0.171550 0.171550
2908.971191 0.000000 3321.406494 0.000000 0.869435 0.000000 -0.494047 0.203290 0.203290 0.203290
2919.682861 0.000000 3324.344727 0.000000 0.961420 0.000000 0.275084 0.178237 0.178237 0.178237
2896.364258 0.000000 3329.665039 0.000000 0.917597 0.000000 0.397512 0.197397 0.197397 0.197397
2879.940674 0.000000 3352.027588 0.000000 0.952941 0.000000 -0.303154 0.151046 0.151046 0.151046
2894.124512 0.000000 3361.586914 0.000000 0.998806 0.000000 0.048858 0.159975 0.159975 0.159975
2899.298584 0.000000 3350.525391 0.000000 0.993914 0.000000 -0.110157 0.158538 0.158538 0.158538
2900.194824 0.000000 3378.490967 0.000000 0.186142 0.000000 0.982523 0.191192 0.191192 0.191192
2928.887695 0.000000 3357.453613 0.000000 0.765444 0.000000 0.643503 0.155016 0.155016 0.155016
2935.033203 0.000000 3371.026123 0.000000 0.999831 0.000000 0.018402 0.172448 0.172448 0.172448
2886.656738 0.000000 3381.395996 0.000000 0.057646 0.000000 0.998337 0.139709 0.139709 0.139709
2928.015381 0.000000 3360.359619 0.000000 0.813845 0.000000 -0.581082 0.141106 0.141106 0.141106
2938.107422 0.000000 3387.778564 0.000000 0.707654 0.000000 0.706559 0.195005 0.195005 0.195005
2922.549316 0.000000 3343.689453 0.000000 0.994347 0.000000 -0.106178 0.146714 0.146714 0.146714
2922.451904 0.000000 3367.512207 0.000000 0.439844 0.000000 0.898074 0.155616 0.155616 0.155616
2931.409180 0.000000 3358.064453 0.000000 0.845873 0.000000 0.533384 0.196418 0.196418 0.196418
2889.306152 0.000000 3358.252686 0.000000 0.924573 0.000000 0.381004 0.163210 0.163210 0.163210
2921.191162 0.000000 3334.708496 0.000000 0.923372 0.000000 0.383907 0.191406 0.191406 0.191406
2928.601807 0.000000 3337.420410 0.000000 0.087303 0.000000 0.996182 0.153726 0.153726 0.153726
2926.914795 0.000000 3341.663818 0.000000 0.879659 0.000000 0.475606 0.163210 0.163210 0.163210
2895.288574 0.000000 3347.116211 0.000000 0.941654 0.000000 -0.336583 0.175567 0.175567 0.175567
2929.818848 0.000000 3359.325928 0.000000 0.994030 0.000000 -0.109104 0.195636 0.195636 0.195636
2932.948486 0.000000 3359.304199 0.000000 0.923035 0.000000 -0.384717 0.199678 0.199678 0.199678
2891.861084 0.000000 3347.247559 0.000000 0.515622 0.000000 0.856816 0.157685 0.157685 0.157685
2920.804443 0.000000 3366.702393 0.000000 0.964283 0.000000 -0.264876 0.201707 0.201707 0.201707
2938.732422 0.000000 3386.250977 0.000000 0.985982 0.000000 0.166851 0.198933 0.198933 0.198933
2939.649902 0.000000 3387.531982 0.000000 0.475295 0.000000 0.879827 0.193153 0.193153 0.193153
2939.144043 0.000000 3384.767822 0.000000 0.861814 0.000000 -0.507225 0.201677 0.201677 0.201677
2901.261719 0.000000 3379.739014 0.000000 0.838241 0.000000 0.545300 0.196328 0.196328 0.196328
2924.527832 0.000000 3340.561768 0.000000 0.819912 0.000000 0.572489 0.196120 0.196120 0.196120
2935.532715 0.000000 3357.187988 0.000000 0.649176 0.000000 0.760638 0.179788 0.179788 0.179788
2932.736572 0.000000 3357.429199 0.000000 0.866999 0.000000 0.498309 0.176846 0.176846 0.176846
2928.418945 0.000000 3358.854736 0.000000 0.038781 0.000000 0.999248 0.185451 0.185451 0.185451
2931.048584 0.000000 3359.268066 0.000000 0.442594 0.000000 0.896722 0.192919 0.192919 0.192919
2888.697510 0.000000 3361.499512 0.000000 0.656145 0.000000 0.754635 0.194556 0.194556 0.194556
2930.361328 0.000000 3360.370605 0.000000 0.774514 0.000000 0.632556 0.195640 0.195640 0.195640
2857.927490 0.000000 3433.795654 0.000000 0.102199 0.000000 0.994764 0.184777 0.184777 0.184777
2875.742432 0.000000 3426.739502 0.000000 0.933714 0.000000 0.358019 0.155035 0.155035 0.155035
2867.473145 0.000000 3429.440430 0.000000 0.994227 0.000000 0.107300 0.141810 0.141810 0.141810
2873.397217 0.000000 3427.212891 0.000000 0.048629 0.000000 0.998817 0.167387 0.167387 0.167387
2856.666260 0.000000 3435.385010 0.000000 0.970274 0.000000 0.242008 0.177321 0.177321 0.177321
2856.504639 0.000000 3432.456055 0.000000 0.021849 0.000000 0.999761 0.184280 0.184280 0.184280
2877.407227 0.000000 3426.446045 0.000000 0.206958 0.000000 0.978350 0.163995 0.163995 0.163995
2856.255371 0.000000 3433.949219 0.000000 0.603080 0.000000 0.797681 0.188140 0.188140 0.188140
2930.281250 0.000000 3432.131592 0.000000 0.545442 0.000000 0.838148 0.140508 0.140508 0.140508
2880.290283 0.000000 3423.427734 0.000000 0.615105 0.000000 0.788445 0.171913 0.171913 0.171913
2937.915771 0.000000 3399.777344 0.000000 0.983213 0.000000 0.182464 0.150377 0.150377 0.150377
2938.875244 0.000000 3389.217041 0.000000 0.993812 0.000000 0.111078 0.129512 0.129512 0.129512
2934.469482 0.000000 3399.216553 0.000000 0.999725 0.000000 0.023464 0.136033 0.136033 0.136033
2903.132568 0.000000 3427.011230 0.000000 0.802839 0.000000 0.596196 0.161357 0.161357 0.161357
2900.371582 0.000000 3425.600586 0.000000 0.227172 0.000000 0.973855 0.191459 0.191459 0.191459
2864.749756 0.000000 3468.154541 0.000000 0.374345 0.000000 0.927289 0.143389 0.143389 0.143389
2873.789062 0.000000 3464.908691 0.000000 0.858201 0.000000 -0.513313 0.198303 0.198303 0.198303
2871.633301 0.000000 3464.264648 0.000000 0.886043 0.000000 -0.463603 0.190555 0.190555 0.190555
2867.356445 0.000000 3467.722168 0.000000 0.996934 0.000000 -0.078251 0.171856 0.171856 0.171856
2924.186279 0.000000 3493.255127 0.000000 0.840672 0.000000 -0.541545 0.134621 0.134621 0.134621
2887.651123 0.000000 3463.034180 0.000000 0.999853 0.000000 -0.017164 0.186096 0.186096 0.186096
2934.496338 0.000000 3474.855713 0.000000 0.982319 0.000000 -0.187214 0.169638 0.169638 0.169638
2939.279297 0.000000 3470.748291 0.000000 0.993849 0.000000 0.110745 0.171381 0.171381 0.171381
2908.903564 0.000000 3452.168213 0.000000 0.414265 0.000000 0.910156 0.159790 0.159790 0.159790
2889.291260 0.000000 3462.340088 0.000000 0.985984 0.000000 0.166839 0.198933 0.198933 0.198933
2936.776367 0.000000 3472.390137 0.000000 0.387330 0.000000 0.921941 0.192532 0.192532 0.192532
2937.029053 0.000000 3473.695068 0.000000 0.213032 0.000000 0.977045 0.191367 0.191367 0.191367
2923.740479 0.000000 3494.478760 0.000000 0.922462 0.000000 0.386087 0.190839 0.190839 0.190839
2944.110596 0.000000 3399.427002 0.000000 0.593361 0.000000 0.804936 0.133711 0.133711 0.133711
2946.892334 0.000000 3427.263672 0.000000 0.916741 0.000000 0.399483 0.171951 0.171951 0.171951
3552.693359 0.000000 3271.597656 0.000000 0.965075 0.000000 -0.261972 0.162706 0.162706 0.162706
3572.968994 0.000000 3280.451660 0.000000 0.692514 0.000000 0.721404 0.143560 0.143560 0.143560
3644.270508 0.000000 3211.458740 0.000000 0.980347 0.000000 -0.197279 0.130794 0.130794 0.130794
3641.614258 0.000000 3215.506104 0.000000 0.103279 0.000000 0.994652 0.185318 0.185318 0.185318
3634.569092 0.000000 3219.098877 0.000000 0.998887 0.000000 -0.047165 0.181785 0.181785 0.181785
3626.064209 0.000000 3214.448730 0.000000 0.918728 0.000000 -0.394891 0.139596 0.139596 0.139596
3639.033203 0.000000 3201.572998 0.000000 0.165194 0.000000 0.986261 0.140750 0.140750 0.140750
3626.622314 0.000000 3217.150146 0.000000 0.971155 0.000000 -0.238449 0.139436 0.139436 0.139436
3596.244629 0.000000 3213.741699 0.000000 0.988011 0.000000 0.154381 0.151072 0.151072 0.151072
3647.474121 0.000000 3208.349365 0.000000 0.740630 0.000000 0.671913 0.193121 0.193121 0.193121
3603.982178 0.000000 3217.307129 0.000000 0.664791 0.000000 0.747029 0.172822 0.172822 0.172822
3603.869141 0.000000 3214.444580 0.000000 0.921555 0.000000 0.388248 0.197462 0.197462 0.197462
3631.482178 0.000000 3210.683105 0.000000 0.757845 0.000000 0.652435 0.183429 0.183429 0.183429
3644.833740 0.000000 3212.853271 0.000000 0.678348 0.000000 0.734741 0.192019 0.192019 0.192019
3640.193359 0.000000 3215.575928 0.000000 0.905485 0.000000 -0.424378 0.197110 0.197110 0.197110
3624.984863 0.000000 3217.348389 0.000000 0.824176 0.000000 0.566334 0.183529 0.183529 0.183529
3645.825439 0.000000 3213.791016 0.000000 0.936069 0.000000 0.351816 0.194942 0.194942 0.194942
3651.716309 0.000000 3204.231201 0.000000 0.845963 0.000000 -0.533242 0.203581 0.203581 0.203581
3648.390625 0.000000 3206.675049 0.000000 0.923599 0.000000 0.383361 0.197495 0.197495 0.197495
3651.168213 0.000000 3207.077637 0.000000 0.971448 0.000000 -0.237252 0.201525 0.201525 0.201525
3648.956543 0.000000 3204.244873 0.000000 0.967431 0.000000 -0.253135 0.201629 0.201629 0.201629
3649.278564 0.000000 3209.000244 0.000000 0.374777 0.000000 0.927115 0.180586 0.180586 0.180586
3653.188232 0.000000 3205.864990 0.000000 0.415311 0.000000 0.909679 0.171133 0.171133 0.171133
3650.240967 0.000000 3205.442383 0.000000 0.905070 0.000000 -0.425262 0.202796 0.202796 0.202796
3653.526123 0.000000 3204.190918 0.000000 0.979143 0.000000 0.203172 0.176434 0.176434 0.176434
3649.717041 0.000000 3207.570068 0.000000 0.337742 0.000000 0.941239 0.192193 0.192193 0.192193
3648.036377 0.000000 3209.720215 0.000000 0.503155 0.000000 0.864196 0.181441 0.181441 0.181441
3650.485107 0.000000 3204.262207 0.000000 0.371442 0.000000 0.928456 0.192423 0.192423 0.192423
3591.674561 0.000000 3243.555420 0.000000 0.489914 0.000000 0.871771 0.133170 0.133170 0.133170
3605.034912 0.000000 3260.326416 0.000000 0.223481 0.000000 0.974708 0.118507 0.118507 0.118507
3629.233887 0.000000 3245.506592 0.000000 0.597753 0.000000 0.801681 0.183206 0.183206 0.183206
3645.524414 0.000000 3225.122803 0.000000 0.998321 0.000000 -0.057923 0.140314 0.140314 0.140314
3631.844482 0.000000 3226.719727 0.000000 0.970749 0.000000 -0.240095 0.201544 0.201544 0.201544
3631.365234 0.000000 3250.413086 0.000000 0.992715 0.000000 0.120486 0.189744 0.189744 0.189744
3634.317383 0.000000 3222.800537 0.000000 0.521113 0.000000 0.853487 0.193490 0.193490 0.193490
3625.396484 0.000000 3233.368164 0.000000 0.989524 0.000000 0.144369 0.151121 0.151121 0.151121
3604.194824 0.000000 3265.522217 0.000000 0.833959 0.000000 0.551826 0.196279 0.196279 0.196279
3642.875244 0.000000 3219.763916 0.000000 0.895939 0.000000 0.444177 0.141316 0.141316 0.141316
3625.764648 0.000000 3247.933594 0.000000 0.741765 0.000000 0.670660 0.157569 0.157569 0.157569
3596.652588 0.000000 3245.036133 0.000000 0.277434 0.000000 0.960745 0.149349 0.149349 0.149349
3615.085693 0.000000 3227.238281 0.000000 0.963398 0.000000 0.268076 0.192718 0.192718 0.192718
3610.132568 0.000000 3254.061279 0.000000 0.963354 0.000000 -0.268233 0.144092 0.144092 0.144092
3602.867188 0.000000 3262.573242 0.000000 0.467209 0.000000 0.884147 0.136843 0.136843 0.136843
3628.084717 0.000000 3250.353271 0.000000 0.585928 0.000000 0.810363 0.131497 0.131497 0.131497
3623.443848 0.000000 3230.898682 0.000000 0.909568 0.000000 0.415555 0.166327 0.166327 0.166327
3634.335205 0.000000 3240.502441 0.000000 0.997828 0.000000 -0.065871 0.151578 0.151578 0.151578
3600.763916 0.000000 3235.561279 0.000000 0.874272 0.000000 -0.485436 0.154839 0.154839 0.154839
3634.542236 0.000000 3225.407959 0.000000 0.233350 0.000000 0.972393 0.191499 0.191499 0.191499
3605.388916 0.000000 3262.835205 0.000000 0.639877 0.000000 0.768477 0.187885 0.187885 0.187885
3600.434082 0.000000 3249.670654 0.000000 0.976636 0.000000 0.214901 0.198621 0.198621 0.198621
3592.383301 0.000000 3241.473145 0.000000 0.932067 0.000000 0.362286 0.193211 0.193211 0.193211
3632.601807 0.000000 3224.451660 0.000000 0.929440 0.000000 -0.368973 0.202406 0.202406 0.202406
3630.914795 0.000000 3228.695068 0.000000 0.871741 0.000000 0.489967 0.147142 0.147142 0.147142
3621.382812 0.000000 3247.191406 0.000000 0.985717 0.000000 -0.168412 0.201077 0.201077 0.201077
3620.267090 0.000000 3244.500000 0.000000 0.206496 0.000000 0.978448 0.145771 0.145771 0.145771
3627.705322 0.000000 3246.997070 0.000000 0.956799 0.000000 0.290750 0.175368 0.175368 0.175368
3628.434570 0.000000 3231.388184 0.000000 0.829163 0.000000 -0.559007 0.191219 0.191219 0.191219
3633.047119 0.000000 3228.433838 0.000000 0.883779 0.000000 0.467904 0.163808 0.163808 0.163808
3631.881836 0.000000 3232.341797 0.000000 0.790133 0.000000 0.612935 0.180443 0.180443 0.180443
3644.870850 0.000000 3227.001953 0.000000 0.752160 0.000000 0.658980 0.195420 0.195420 0.195420
3602.928467 0.000000 3260.514160 0.000000 0.974683 0.000000 0.223592 0.198564 0.198564 0.198564
3630.857178 0.000000 3225.113281 0.000000 0.091903 0.000000 0.995768 0.179375 0.179375 0.179375
3620.762207 0.000000 3241.114502 0.000000 0.922590 0.000000 0.385781 0.197479 0.197479 0.197479
3625.043945 0.000000 3231.625000 0.000000 0.760596 0.000000 0.649225 0.195502 0.195502 0.195502
3621.573975 0.000000 3231.113525 0.000000 0.952085 0.000000 -0.305833 0.166901 0.166901 0.166901
3602.442871 0.000000 3235.988525 0.000000 0.703496 0.000000 0.710700 0.194968 0.194968 0.194968
3625.112793 0.000000 3230.047119 0.000000 0.287782 0.000000 0.957696 0.191858 0.191858 0.191858
3601.981934 0.000000 3249.521484 0.000000 0.420834 0.000000 0.907138 0.192765 0.192765 0.192765
3637.482910 0.000000 3220.931641 0.000000 0.752733 0.000000 0.658326 0.195425 0.195425 0.195425
3610.808105 0.000000 3236.615234 0.000000 0.976684 0.000000 -0.214682 0.176558 0.176558 0.176558
3593.808594 0.000000 3241.967529 0.000000 0.802397 0.000000 0.596790 0.191538 0.191538 0.191538
3601.019287 0.000000 3248.227051 0.000000 0.963248 0.000000 0.268614 0.198269 0.198269 0.198269
3631.139160 0.000000 3233.527588 0.000000 0.790433 0.000000 0.612549 0.180446 0.180446 0.180446
3629.479736 0.000000 3244.148926 0.000000 0.459858 0.000000 0.887992 0.182227 0.182227 0.182227
3595.571533 0.000000 3244.148438 0.000000 0.932719 0.000000 -0.360605 0.202349 0.202349 0.202349
3633.868164 0.000000 3224.050537 0.000000 0.888215 0.000000 -0.459428 0.203039 0.203039 0.203039
3644.005859 0.000000 3227.876465 0.000000 0.979446 0.000000 -0.201706 0.201293 0.201293 0.201293
3630.801025 0.000000 3227.275879 0.000000 0.814960 0.000000 -0.579518 0.203935 0.203935 0.203935
3630.684082 0.000000 3226.191895 0.000000 0.346622 0.000000 0.938005 0.192253 0.192253 0.192253
3602.524414 0.000000 3261.527588 0.000000 0.907231 0.000000 -0.420633 0.202764 0.202764 0.202764
3658.048096 0.000000 3265.109619 0.000000 0.999677 0.000000 0.025426 0.195920 0.195920 0.195920
3700.449951 0.000000 3252.369873 0.000000 0.529681 0.000000 0.848197 0.157771 0.157771 0.157771
3654.599365 0.000000 3272.710205 0.000000 0.776586 0.000000 0.630011 0.135373 0.135373 0.135373
3657.095459 0.000000 3231.596680 0.000000 0.494063 0.000000 0.869426 0.131026 0.131026 0.131026
3704.634766 0.000000 3255.397949 0.000000 0.988218 0.000000 -0.153053 0.173393 0.173393 0.173393
3686.720947 0.000000 3266.343994 0.000000 0.879009 0.000000 0.476806 0.136186 0.136186 0.136186
3657.597900 0.000000 3269.484863 0.000000 0.992381 0.000000 0.123204 0.156804 0.156804 0.156804
3689.764648 0.000000 3247.933594 0.000000 0.971850 0.000000 0.235599 0.157899 0.157899 0.157899
3653.963867 0.000000 3240.308350 0.000000 0.957904 0.000000 0.287089 0.188156 0.188156 0.188156
3654.798828 0.000000 3233.876465 0.000000 0.231431 0.000000 0.972851 0.172714 0.172714 0.172714
3698.278564 0.000000 3250.318359 0.000000 0.780165 0.000000 0.625574 0.195697 0.195697 0.195697
3659.714111 0.000000 3257.612549 0.000000 0.999882 0.000000 -0.015396 0.188328 0.188328 0.188328
3665.306885 0.000000 3230.555176 0.000000 0.708078 0.000000 0.706134 0.154587 0.154587 0.154587
3655.852051 0.000000 3256.786865 0.000000 0.212816 0.000000 0.977092 0.146338 0.146338 0.146338
3705.397217 0.000000 3257.759766 0.000000 0.028079 0.000000 0.999606 0.179525 0.179525 0.179525
3691.827148 0.000000 3257.796143 0.000000 0.287461 0.000000 0.957792 0.149938 0.149938 0.149938
3651.661377 0.000000 3240.682861 0.000000 0.495290 0.000000 0.868727 0.158104 0.158104 0.158104
3702.447266 0.000000 3268.818848 0.000000 0.872445 0.000000 -0.488713 0.163398 0.163398 0.163398
3697.077393 0.000000 3251.997314 0.000000 0.987108 0.000000 -0.160056 0.201023 0.201023 0.201023
3691.705322 0.000000 3246.997070 0.000000 0.905405 0.000000 0.424550 0.197209 0.197209 0.197209
3703.657227 0.000000 3259.983154 0.000000 0.899514 0.000000 -0.436892 0.190944 0.190944 0.190944
3657.185303 0.000000 3263.144531 0.000000 0.869396 0.000000 -0.494116 0.186776 0.186776 0.186776
3704.393799 0.000000 3264.736084 0.000000 0.968138 0.000000 -0.250418 0.159256 0.159256 0.159256
3703.086426 0.000000 3256.225586 0.000000 0.935516 0.000000 0.353284 0.162259 0.162259 0.162259
3660.884766 0.000000 3266.591797 0.000000 0.294597 0.000000 0.955622 0.163414 0.163414 0.163414
3655.352783 0.000000 3232.310791 0.000000 0.071278 0.000000 0.997456 0.171782 0.171782 0.171782
3659.621582 0.000000 3265.532959 0.000000 0.837103 0.000000 -0.547045 0.199691 0.199691 0.199691
3696.720703 0.000000 3249.653076 0.000000 0.973630 0.000000 0.228132 0.198535 0.198535 0.198535
3659.164307 0.000000 3256.164551 0.000000 0.999638 0.000000 0.026901 0.188074 0.188074 0.188074
3704.429443 0.000000 3256.804688 0.000000 0.762919 0.000000 0.646493 0.184571 0.184571 0.184571
3656.816895 0.000000 3257.699951 0.000000 0.966172 0.000000 0.257900 0.198339 0.198339 0.198339
3657.007568 0.000000 3256.318604 0.000000 0.984112 0.000000 -0.177551 0.201136 0.201136 0.201136
3697.034668 0.000000 3250.806885 0.000000 0.605190 0.000000 0.796081 0.194138 0.194138 0.194138
3699.446045 0.000000 3250.553955 0.000000 0.995627 0.000000 -0.093418 0.200596 0.200596 0.200596
3751.866699 0.000000 3261.312988 0.000000 0.675911 0.000000 0.736983 0.194725 0.194725 0.194725
3739.221924 0.000000 3265.637939 0.000000 0.977121 0.000000 0.212685 0.198636 0.198636 0.198636
3750.465332 0.000000 3244.707031 0.000000 0.690160 0.000000 0.723657 0.158281 0.158281 0.158281
3751.675293 0.000000 3274.383301 0.000000 0.944134 0.000000 0.329561 0.189548 0.189548 0.189548
3757.059814 0.000000 3262.001221 0.000000 0.985327 0.000000 -0.170675 0.201092 0.201092 0.201092
3763.720459 0.000000 3257.481201 0.000000 0.309167 0.000000 0.951008 0.161345 0.161345 0.161345
3739.974365 0.000000 3251.338867 0.000000 0.901255 0.000000 -0.433290 0.198307 0.198307 0.198307
3716.956787 0.000000 3265.776367 0.000000 0.864592 0.000000 0.502474 0.187284 0.187284 0.187284
3758.917725 0.000000 3240.924072 0.000000 0.939545 0.000000 -0.342425 0.181833 0.181833 0.181833
3743.822266 0.000000 3245.670410 0.000000 0.967268 0.000000 -0.253759 0.187513 0.187513 0.187513
3746.996826 0.000000 3275.572754 0.000000 0.771612 0.000000 0.636094 0.185748 0.185748 0.185748
3747.650879 0.000000 3242.551758 0.000000 0.760379 0.000000 0.649480 0.148405 0.148405 0.148405
3740.116211 0.000000 3275.024902 0.000000 0.737255 0.000000 0.675615 0.144954 0.144954 0.144954
3750.885986 0.000000 3263.770996 0.000000 0.861234 0.000000 0.508209 0.196606 0.196606 0.196606
3759.560791 0.000000 3262.373047 0.000000 0.844908 0.000000 0.534912 0.196407 0.196407 0.196407
3745.496826 0.000000 3243.840088 0.000000 0.991984 0.000000 0.126364 0.151208 0.151208 0.151208
3738.281006 0.000000 3263.455811 0.000000 0.994889 0.000000 0.100971 0.180928 0.180928 0.180928
3749.505371 0.000000 3275.297119 0.000000 0.999546 0.000000 0.030143 0.189174 0.189174 0.189174
3754.151367 0.000000 3262.120850 0.000000 0.932825 0.000000 -0.360330 0.200646 0.200646 0.200646
3757.659912 0.000000 3251.559570 0.000000 0.842830 0.000000 -0.538180 0.199625 0.199625 0.199625
3738.051758 0.000000 3251.903564 0.000000 0.954862 0.000000 0.297049 0.193641 0.193641 0.193641
3760.864014 0.000000 3264.085449 0.000000 0.039218 0.000000 0.999231 0.167335 0.167335 0.167335
3740.530762 0.000000 3261.284424 0.000000 0.523828 0.000000 0.851824 0.181043 0.181043 0.181043
3759.143311 0.000000 3245.286865 0.000000 0.052319 0.000000 0.998630 0.190333 0.190333 0.190333
3752.504639 0.000000 3263.002930 0.000000 0.948313 0.000000 0.317336 0.194617 0.194617 0.194617
3741.381592 0.000000 3250.204590 0.000000 0.978056 0.000000 0.208342 0.175292 0.175292 0.175292
3765.498779 0.000000 3257.085693 0.000000 0.967578 0.000000 0.252572 0.195040 0.195040 0.195040
3746.989746 0.000000 3251.823730 0.000000 0.484315 0.000000 0.874894 0.174817 0.174817 0.174817
3754.287842 0.000000 3250.291748 0.000000 0.741855 0.000000 0.670560 0.178908 0.178908 0.178908
3758.145508 0.000000 3263.432373 0.000000 0.984206 0.000000 -0.177029 0.201133 0.201133 0.201133
3743.343506 0.000000 3262.746094 0.000000 0.919901 0.000000 -0.392152 0.179869 0.179869 0.179869
3739.981201 0.000000 3263.551025 0.000000 0.907969 0.000000 -0.419038 0.184011 0.184011 0.184011
3739.020264 0.000000 3267.817627 0.000000 0.218273 0.000000 0.975888 0.164594 0.164594 0.164594
3759.050049 0.000000 3248.819336 0.000000 0.674357 0.000000 0.738406 0.163623 0.163623 0.163623
3742.429688 0.000000 3244.784424 0.000000 0.754351 0.000000 0.656472 0.181755 0.181755 0.181755
3714.838379 0.000000 3270.907715 0.000000 0.348720 0.000000 0.937227 0.178804 0.178804 0.178804
3738.510254 0.000000 3250.402588 0.000000 0.708728 0.000000 0.705482 0.190645 0.190645 0.190645
3748.175781 0.000000 3274.524170 0.000000 0.939909 0.000000 0.341426 0.187256 0.187256 0.187256
3764.391602 0.000000 3256.064453 0.000000 0.947663 0.000000 0.319272 0.194605 0.194605 0.194605
3739.274658 0.000000 3262.229248 0.000000 0.430991 0.000000 0.902356 0.175011 0.175011 0.175011
3750.914307 0.000000 3262.391602 0.000000 0.661518 0.000000 0.749929 0.194602 0.194602 0.194602
3759.430908 0.000000 3263.744385 0.000000 0.860809 0.000000 -0.508929 0.203399 0.203399 0.203399
3739.789062 0.000000 3250.030273 0.000000 0.559894 0.000000 0.828564 0.189441 0.189441 0.189441
3750.659180 0.000000 3261.107422 0.000000 0.991411 0.000000 0.130781 0.199165 0.199165 0.199165
3756.969482 0.000000 3263.428223 0.000000 0.649995 0.000000 0.759938 0.194505 0.194505 0.194505
3593.437988 0.000000 3276.911377 0.000000 0.975198 0.000000 -0.221333 0.139358 0.139358 0.139358
3594.448242 0.000000 3279.698730 0.000000 0.271985 0.000000 0.962302 0.187457 0.187457 0.187457
3590.297607 0.000000 3277.441895 0.000000 0.238446 0.000000 0.971156 0.177584 0.177584 0.177584
3738.844482 0.000000 3277.811279 0.000000 0.907007 0.000000 -0.421116 0.157897 0.157897 0.157897
3741.269775 0.000000 3278.253174 0.000000 0.297135 0.000000 0.954835 0.184394 0.184394 0.184394
3736.196777 0.000000 3282.361816 0.000000 0.560865 0.000000 0.827908 0.173706 0.173706 0.173706
3738.413818 0.000000 3284.365234 0.000000 0.746640 0.000000 0.665228 0.151587 0.151587 0.151587
3724.800293 0.000000 3286.656494 0.000000 0.700802 0.000000 0.713356 0.194943 0.194943 0.194943
3736.543945 0.000000 3286.271240 0.000000 0.087083 0.000000 0.996201 0.190555 0.190555 0.190555
3725.156250 0.000000 3285.030273 0.000000 0.631717 0.000000 0.775199 0.193809 0.193809 0.193809
3736.543945 0.000000 3290.595215 0.000000 0.798603 0.000000 0.601859 0.195889 0.195889 0.195889
3738.265869 0.000000 3280.851807 0.000000 0.740965 0.000000 0.671543 0.174523 0.174523 0.174523
3737.317871 0.000000 3283.354004 0.000000 0.942081 0.000000 0.335385 0.177320 0.177320 0.177320
3739.908447 0.000000 3281.597412 0.000000 0.859234 0.000000 0.511583 0.175657 0.175657 0.175657
3741.169678 0.000000 3279.693359 0.000000 0.890465 0.000000 -0.455052 0.195046 0.195046 0.195046
3724.093750 0.000000 3284.181396 0.000000 0.903773 0.000000 0.428012 0.196632 0.196632 0.196632
3736.170898 0.000000 3287.594727 0.000000 0.994035 0.000000 -0.109064 0.200696 0.200696 0.200696
3741.531982 0.000000 3276.937500 0.000000 0.236645 0.000000 0.971596 0.190985 0.190985 0.190985
3740.146240 0.000000 3277.454346 0.000000 0.809963 0.000000 0.586481 0.195461 0.195461 0.195461
3737.368652 0.000000 3291.381592 0.000000 0.279389 0.000000 0.960178 0.191803 0.191803 0.191803
4254.600098 0.000000 3043.375488 0.000000 0.998771 0.000000 0.049561 0.145428 0.145428 0.145428
4257.638184 0.000000 3040.440430 0.000000 0.544575 0.000000 0.838712 0.136163 0.136163 0.136163
4254.662598 0.000000 3039.862305 0.000000 0.876768 0.000000 0.480913 0.142230 0.142230 0.142230
4257.210938 0.000000 3043.114746 0.000000 0.224052 0.000000 0.974577 0.164090 0.164090 0.164090
4261.382812 0.000000 3021.253906 0.000000 0.823902 0.000000 0.566733 0.176383 0.176383 0.176383
4255.859863 0.000000 3041.505371 0.000000 0.870235 0.000000 -0.492636 0.173670 0.173670 0.173670
4265.206543 0.000000 3058.699951 0.000000 0.637189 0.000000 0.770707 0.178062 0.178062 0.178062
4266.133789 0.000000 3054.293701 0.000000 0.999932 0.000000 -0.011625 0.132822 0.132822 0.132822
4269.457031 0.000000 3054.369873 0.000000 0.950449 0.000000 -0.310880 0.176549 0.176549 0.176549
4267.550781 0.000000 3056.956055 0.000000 0.367416 0.000000 0.930057 0.155210 0.155210 0.155210
4269.664062 0.000000 3057.151855 0.000000 0.969034 0.000000 -0.246926 0.153027 0.153027 0.153027
4269.450195 0.000000 3052.675781 0.000000 0.958303 0.000000 0.285754 0.198155 0.198155 0.198155
4268.377930 0.000000 3050.652588 0.000000 0.317049 0.000000 0.948409 0.167307 0.167307 0.167307
4268.179688 0.000000 3053.579346 0.000000 0.336761 0.000000 0.941590 0.192187 0.192187 0.192187
4332.186523 0.000000 3210.833252 0.000000 0.945685 0.000000 0.325085 0.129711 0.129711 0.129711
4324.049805 0.000000 3199.414551 0.000000 0.679772 0.000000 0.733423 0.194758 0.194758 0.194758
4293.002930 0.000000 3199.252930 0.000000 0.721976 0.000000 0.691918 0.133370 0.133370 0.133370
4337.044434 0.000000 3211.808838 0.000000 0.872839 0.000000 0.488009 0.196754 0.196754 0.196754
4334.444824 0.000000 3214.487305 0.000000 0.900147 0.000000 0.435587 0.197131 0.197131 0.197131
4317.565918 0.000000 3206.423828 0.000000 0.844619 0.000000 0.535367 0.152391 0.152391 0.152391
4337.605957 0.000000 3215.978760 0.000000 0.763917 0.000000 0.645314 0.195535 0.195535 0.195535
4295.290527 0.000000 3197.797363 0.000000 0.996521 0.000000 -0.083339 0.156156 0.156156 0.156156
4334.583984 0.000000 3211.905518 0.000000 0.412894 0.000000 0.910779 0.185692 0.185692 0.185692
4336.587402 0.000000 3214.051025 0.000000 0.472869 0.000000 0.881133 0.193136 0.193136 0.193136
4325.990723 0.000000 3199.762451 0.000000 0.914893 0.000000 0.403696 0.197355 0.197355 0.197355
4294.066895 0.000000 3196.260498 0.000000 0.899104 0.000000 -0.437735 0.157988 0.157988 0.157988
4324.653320 0.000000 3201.389893 0.000000 0.903373 0.000000 0.428855 0.160173 0.160173 0.160173
4336.143066 0.000000 3215.541504 0.000000 0.996552 0.000000 -0.082972 0.200529 0.200529 0.200529
4335.481934 0.000000 3210.683105 0.000000 0.939537 0.000000 0.342447 0.190573 0.190573 0.190573
4335.452637 0.000000 3213.104248 0.000000 0.991234 0.000000 0.132117 0.199156 0.199156 0.199156
4339.251465 0.000000 3212.289062 0.000000 0.974226 0.000000 -0.225576 0.196934 0.196934 0.196934
4337.428223 0.000000 3213.060059 0.000000 0.045200 0.000000 0.998978 0.190288 0.190288 0.190288
"}
object={
	name="bush_01_generator_1_1"
	clamp_to_water_level=no
	render_under_water=no
	generated_content=yes
	layer="semidynamic_medium"
	pdxmesh="tree_bush_02_mesh"
	count=144
	transform="2931.473145 0.000000 3203.502930 0.000000 0.765587 0.000000 -0.643332 0.178678 0.178678 0.178678
2922.581543 0.000000 3238.414307 0.000000 0.131171 0.000000 -0.991360 0.184555 0.184555 0.184555
2932.885254 0.000000 3271.360596 0.000000 0.664983 0.000000 -0.746858 0.157622 0.157622 0.157622
2932.288330 0.000000 3240.439453 0.000000 0.004317 0.000000 -0.999991 0.164684 0.164684 0.164684
2950.827393 0.000000 3219.123779 0.000000 0.192482 0.000000 -0.981300 0.143271 0.143271 0.143271
2957.333984 0.000000 3223.938721 0.000000 0.456250 0.000000 -0.889852 0.134511 0.134511 0.134511
2954.448242 0.000000 3223.214355 0.000000 0.298022 0.000000 -0.954559 0.170772 0.170772 0.170772
2897.040771 0.000000 3328.629150 0.000000 0.317643 0.000000 -0.948210 0.207942 0.207942 0.207942
2907.221924 0.000000 3378.606689 0.000000 0.766968 0.000000 -0.641685 0.202717 0.202717 0.202717
2931.521729 0.000000 3360.586914 0.000000 0.208837 0.000000 -0.977950 0.208661 0.208661 0.208661
2889.424072 0.000000 3360.451904 0.000000 0.529955 0.000000 -0.848026 0.206444 0.206444 0.206444
2921.764648 0.000000 3360.902344 0.000000 0.542468 0.000000 -0.840076 0.163577 0.163577 0.163577
2925.456787 0.000000 3336.791748 0.000000 0.288051 0.000000 -0.957615 0.161498 0.161498 0.161498
2893.152832 0.000000 3377.809082 0.000000 0.691526 0.000000 -0.722351 0.192497 0.192497 0.192497
2896.763916 0.000000 3348.530029 0.000000 0.026273 0.000000 -0.999655 0.159873 0.159873 0.159873
2902.697754 0.000000 3379.096680 0.000000 0.756038 0.000000 -0.654527 0.204543 0.204543 0.204543
2887.173340 0.000000 3361.784912 0.000000 0.692981 0.000000 -0.720956 0.155137 0.155137 0.155137
2887.324707 0.000000 3359.188232 0.000000 0.714471 0.000000 -0.699665 0.163602 0.163602 0.163602
2889.114258 0.000000 3362.691895 0.000000 0.199549 0.000000 -0.979888 0.196443 0.196443 0.196443
2930.491943 0.000000 3356.218506 0.000000 0.514107 0.000000 -0.857726 0.206562 0.206562 0.206562
2905.195068 0.000000 3378.153809 0.000000 0.464119 0.000000 -0.885773 0.158818 0.158818 0.158818
2900.110352 0.000000 3346.215820 0.000000 0.403779 0.000000 -0.914857 0.170181 0.170181 0.170181
2934.093750 0.000000 3356.845459 0.000000 0.763878 0.000000 -0.645360 0.189002 0.189002 0.189002
2930.992432 0.000000 3361.984131 0.000000 0.643606 0.000000 -0.765357 0.205549 0.205549 0.205549
2903.770020 0.000000 3378.135742 0.000000 0.373626 0.000000 -0.927579 0.207562 0.207562 0.207562
2925.841309 0.000000 3340.902344 0.000000 0.563029 0.000000 -0.826437 0.206193 0.206193 0.206193
2930.147461 0.000000 3357.650635 0.000000 0.691332 0.000000 -0.722537 0.205141 0.205141 0.205141
2906.048096 0.000000 3379.105225 0.000000 0.630462 0.000000 -0.776220 0.203929 0.203929 0.203929
2907.975342 0.000000 3379.623779 0.000000 0.746867 0.000000 -0.664974 0.202912 0.202912 0.202912
2931.659180 0.000000 3356.694336 0.000000 0.773502 0.000000 -0.633793 0.204370 0.204370 0.204370
2901.435547 0.000000 3378.585693 0.000000 0.505072 0.000000 -0.863077 0.206629 0.206629 0.206629
2898.852783 0.000000 3425.669922 0.000000 0.571576 0.000000 -0.820549 0.134531 0.134531 0.134531
2903.538086 0.000000 3425.349365 0.000000 0.635158 0.000000 -0.772382 0.154934 0.154934 0.154934
2903.759277 0.000000 3433.188232 0.000000 0.329067 0.000000 -0.944307 0.145564 0.145564 0.145564
2901.175049 0.000000 3424.280518 0.000000 0.331219 0.000000 -0.943554 0.207851 0.207851 0.207851
2869.758057 0.000000 3464.911621 0.000000 0.057521 0.000000 -0.998344 0.156785 0.156785 0.156785
2866.335205 0.000000 3466.439941 0.000000 0.799886 0.000000 -0.600151 0.174941 0.174941 0.174941
2870.872070 0.000000 3465.932129 0.000000 0.360248 0.000000 -0.932857 0.194857 0.194857 0.194857
2922.572266 0.000000 3495.125732 0.000000 0.059242 0.000000 -0.998244 0.202577 0.202577 0.202577
2909.126709 0.000000 3450.754150 0.000000 0.387266 0.000000 -0.921968 0.207468 0.207468 0.207468
2944.974365 0.000000 3401.770264 0.000000 0.734942 0.000000 -0.678130 0.194421 0.194421 0.194421
3570.542236 0.000000 3281.892334 0.000000 0.347599 0.000000 -0.937643 0.150713 0.150713 0.150713
3602.736816 0.000000 3213.246094 0.000000 0.764464 0.000000 -0.644666 0.127143 0.127143 0.127143
3605.636475 0.000000 3217.627197 0.000000 0.077165 0.000000 -0.997018 0.146128 0.146128 0.146128
3642.107422 0.000000 3218.325439 0.000000 0.405301 0.000000 -0.914183 0.148683 0.148683 0.148683
3603.100342 0.000000 3215.871826 0.000000 0.525177 0.000000 -0.850993 0.206480 0.206480 0.206480
3635.473145 0.000000 3203.502930 0.000000 0.593513 0.000000 -0.804825 0.146534 0.146534 0.146534
3630.584229 0.000000 3211.905518 0.000000 0.765115 0.000000 -0.643894 0.191854 0.191854 0.191854
3601.040771 0.000000 3215.660400 0.000000 0.149965 0.000000 -0.988691 0.209042 0.209042 0.209042
3640.590820 0.000000 3217.035645 0.000000 0.658660 0.000000 -0.752441 0.164568 0.164568 0.164568
3602.458984 0.000000 3214.562256 0.000000 0.799427 0.000000 -0.600763 0.204103 0.204103 0.204103
3648.036621 0.000000 3208.152344 0.000000 0.701149 0.000000 -0.713015 0.192417 0.192417 0.192417
3651.614258 0.000000 3205.703857 0.000000 0.391941 0.000000 -0.919990 0.207436 0.207436 0.207436
3648.003906 0.000000 3205.204834 0.000000 0.743380 0.000000 -0.668870 0.204664 0.204664 0.204664
3638.803467 0.000000 3221.675537 0.000000 0.732778 0.000000 -0.680468 0.154864 0.154864 0.154864
3629.790771 0.000000 3232.947510 0.000000 0.697187 0.000000 -0.716889 0.170620 0.170620 0.170620
3601.893799 0.000000 3232.924072 0.000000 0.192294 0.000000 -0.981337 0.133916 0.133916 0.133916
3628.877197 0.000000 3253.396240 0.000000 0.520923 0.000000 -0.853604 0.152715 0.152715 0.152715
3601.216553 0.000000 3259.490723 0.000000 0.720248 0.000000 -0.693717 0.145769 0.145769 0.145769
3603.875488 0.000000 3235.058105 0.000000 0.565557 0.000000 -0.824709 0.206173 0.206173 0.206173
3640.373535 0.000000 3219.747803 0.000000 0.403833 0.000000 -0.914833 0.173666 0.173666 0.173666
3641.682861 0.000000 3221.765137 0.000000 0.413732 0.000000 -0.910399 0.207284 0.207284 0.207284
3631.221924 0.000000 3252.907959 0.000000 0.498177 0.000000 -0.867075 0.166734 0.166734 0.166734
3636.116699 0.000000 3221.940186 0.000000 0.115420 0.000000 -0.993317 0.209264 0.209264 0.209264
3598.853027 0.000000 3236.511230 0.000000 0.613644 0.000000 -0.789583 0.178124 0.178124 0.178124
3605.837891 0.000000 3264.556641 0.000000 0.794765 0.000000 -0.606917 0.204152 0.204152 0.204152
3625.028320 0.000000 3246.316162 0.000000 0.369876 0.000000 -0.929081 0.167466 0.167466 0.167466
3595.004883 0.000000 3245.429443 0.000000 0.060744 0.000000 -0.998153 0.209613 0.209613 0.209613
3604.010742 0.000000 3263.818604 0.000000 0.511214 0.000000 -0.859453 0.199640 0.199640 0.199640
3633.566406 0.000000 3226.791992 0.000000 0.592028 0.000000 -0.805918 0.205967 0.205967 0.205967
3635.249023 0.000000 3224.019531 0.000000 0.083425 0.000000 -0.996514 0.209468 0.209468 0.209468
3640.234619 0.000000 3221.352295 0.000000 0.581854 0.000000 -0.813293 0.206047 0.206047 0.206047
3634.837158 0.000000 3261.285645 0.000000 0.131864 0.000000 -0.991268 0.209158 0.209158 0.209158
3641.597656 0.000000 3220.326172 0.000000 0.639280 0.000000 -0.768974 0.205585 0.205585 0.205585
3632.730957 0.000000 3225.762451 0.000000 0.006819 0.000000 -0.999977 0.209957 0.209957 0.209957
3595.079834 0.000000 3275.408447 0.000000 0.552039 0.000000 -0.833818 0.206277 0.206277 0.206277
3631.924805 0.000000 3227.928711 0.000000 0.710058 0.000000 -0.704143 0.204973 0.204973 0.204973
3633.943604 0.000000 3227.805420 0.000000 0.370845 0.000000 -0.928695 0.207581 0.207581 0.207581
3650.164551 0.000000 3238.980957 0.000000 0.314025 0.000000 -0.949415 0.142722 0.142722 0.142722
3657.807861 0.000000 3255.314941 0.000000 0.613260 0.000000 -0.789881 0.199456 0.199456 0.199456
3703.033203 0.000000 3258.057373 0.000000 0.689502 0.000000 -0.724283 0.193089 0.193089 0.193089
3690.699707 0.000000 3259.988281 0.000000 0.678552 0.000000 -0.734552 0.205252 0.205252 0.205252
3701.610352 0.000000 3255.102295 0.000000 0.462016 0.000000 -0.886872 0.171583 0.171583 0.171583
3654.201904 0.000000 3231.122070 0.000000 0.758661 0.000000 -0.651485 0.148948 0.148948 0.148948
3693.602051 0.000000 3259.534424 0.000000 0.429711 0.000000 -0.902966 0.174675 0.174675 0.174675
3659.346924 0.000000 3267.573486 0.000000 0.449324 0.000000 -0.893369 0.150201 0.150201 0.150201
3653.852539 0.000000 3242.454834 0.000000 0.252488 0.000000 -0.967600 0.208375 0.208375 0.208375
3697.665527 0.000000 3248.372070 0.000000 0.771980 0.000000 -0.635647 0.204385 0.204385 0.204385
3657.975098 0.000000 3257.121338 0.000000 0.015229 0.000000 -0.999884 0.209903 0.209903 0.209903
3695.050049 0.000000 3248.819336 0.000000 0.551344 0.000000 -0.834278 0.206282 0.206282 0.206282
3656.825684 0.000000 3254.118408 0.000000 0.104837 0.000000 -0.994489 0.202881 0.202881 0.202881
3690.445068 0.000000 3258.465332 0.000000 0.060521 0.000000 -0.998167 0.209614 0.209614 0.209614
3699.137939 0.000000 3251.621582 0.000000 0.787864 0.000000 -0.615849 0.204224 0.204224 0.204224
3704.804932 0.000000 3259.123535 0.000000 0.719630 0.000000 -0.694358 0.200869 0.200869 0.200869
3703.001709 0.000000 3254.644043 0.000000 0.123179 0.000000 -0.992384 0.205698 0.205698 0.205698
3652.866455 0.000000 3243.567871 0.000000 0.400709 0.000000 -0.916205 0.207375 0.207375 0.207375
3656.168701 0.000000 3255.385010 0.000000 0.733795 0.000000 -0.679371 0.198446 0.198446 0.198446
3652.648926 0.000000 3241.719482 0.000000 0.310279 0.000000 -0.950646 0.197505 0.197505 0.197505
3691.856201 0.000000 3259.183594 0.000000 0.132345 0.000000 -0.991204 0.209155 0.209155 0.209155
3690.334229 0.000000 3246.703125 0.000000 0.470258 0.000000 -0.882529 0.206883 0.206883 0.206883
3696.438721 0.000000 3248.514160 0.000000 0.169279 0.000000 -0.985568 0.208917 0.208917 0.208917
3748.176514 0.000000 3263.628906 0.000000 0.663476 0.000000 -0.748198 0.205382 0.205382 0.205382
3756.084717 0.000000 3250.353271 0.000000 0.145951 0.000000 -0.989292 0.204968 0.204968 0.204968
3750.737793 0.000000 3258.087158 0.000000 0.068845 0.000000 -0.997627 0.149100 0.149100 0.149100
3753.246582 0.000000 3267.921143 0.000000 0.756231 0.000000 -0.654305 0.165581 0.165581 0.165581
3742.841064 0.000000 3251.241455 0.000000 0.712389 0.000000 -0.701785 0.195767 0.195767 0.195767
3757.452393 0.000000 3248.179199 0.000000 0.086467 0.000000 -0.996255 0.183048 0.183048 0.183048
3739.115234 0.000000 3248.893066 0.000000 0.472928 0.000000 -0.881101 0.164564 0.164564 0.164564
3761.258545 0.000000 3257.066406 0.000000 0.038434 0.000000 -0.999261 0.160989 0.160989 0.160989
3744.506104 0.000000 3264.267090 0.000000 0.511435 0.000000 -0.859322 0.194430 0.194430 0.194430
3747.886963 0.000000 3250.233887 0.000000 0.685297 0.000000 -0.728264 0.185651 0.185651 0.185651
3746.456055 0.000000 3264.562256 0.000000 0.434993 0.000000 -0.900434 0.164780 0.164780 0.164780
3755.631348 0.000000 3263.159180 0.000000 0.079166 0.000000 -0.996861 0.207735 0.207735 0.207735
3757.740479 0.000000 3249.818604 0.000000 0.142794 0.000000 -0.989752 0.182732 0.182732 0.182732
3716.645020 0.000000 3264.223145 0.000000 0.499658 0.000000 -0.866223 0.196828 0.196828 0.196828
3744.219238 0.000000 3265.764893 0.000000 0.754628 0.000000 -0.656153 0.192524 0.192524 0.192524
3750.915771 0.000000 3275.557129 0.000000 0.646693 0.000000 -0.762750 0.196888 0.196888 0.196888
3748.343018 0.000000 3262.316650 0.000000 0.786823 0.000000 -0.617179 0.204234 0.204234 0.204234
3749.444336 0.000000 3263.041016 0.000000 0.288643 0.000000 -0.957437 0.208136 0.208136 0.208136
3738.950439 0.000000 3264.468262 0.000000 0.363748 0.000000 -0.931497 0.207630 0.207630 0.207630
3595.600586 0.000000 3281.815674 0.000000 0.128488 0.000000 -0.991711 0.193359 0.193359 0.193359
3594.685303 0.000000 3278.057129 0.000000 0.755861 0.000000 -0.654732 0.199961 0.199961 0.199961
3591.773682 0.000000 3276.640625 0.000000 0.716012 0.000000 -0.698088 0.189995 0.189995 0.189995
3595.846924 0.000000 3280.340820 0.000000 0.025036 0.000000 -0.999687 0.193970 0.193970 0.193970
3737.550537 0.000000 3287.695068 0.000000 0.018428 0.000000 -0.999830 0.209883 0.209883 0.209883
3712.110596 0.000000 3286.458252 0.000000 0.328480 0.000000 -0.944511 0.157794 0.157794 0.157794
3724.396729 0.000000 3288.601562 0.000000 0.160101 0.000000 -0.987101 0.204293 0.204293 0.204293
3736.982666 0.000000 3279.967529 0.000000 0.457473 0.000000 -0.889224 0.141462 0.141462 0.141462
3714.760010 0.000000 3285.208252 0.000000 0.105471 0.000000 -0.994422 0.181182 0.181182 0.181182
3739.827881 0.000000 3280.132812 0.000000 0.799657 0.000000 -0.600457 0.182375 0.182375 0.182375
3740.442627 0.000000 3276.111084 0.000000 0.068877 0.000000 -0.997625 0.208974 0.208974 0.208974
3735.342529 0.000000 3291.604492 0.000000 0.477660 0.000000 -0.878545 0.182497 0.182497 0.182497
3723.020752 0.000000 3287.335938 0.000000 0.376673 0.000000 -0.926346 0.190682 0.190682 0.190682
3725.681152 0.000000 3289.866455 0.000000 0.208955 0.000000 -0.977925 0.203984 0.203984 0.203984
3738.472168 0.000000 3279.327393 0.000000 0.421566 0.000000 -0.906798 0.202005 0.202005 0.202005
3739.964355 0.000000 3278.803223 0.000000 0.329990 0.000000 -0.943984 0.202619 0.202619 0.202619
4269.255371 0.000000 3048.547363 0.000000 0.342393 0.000000 -0.939557 0.192061 0.192061 0.192061
4261.993652 0.000000 3023.235107 0.000000 0.547474 0.000000 -0.836823 0.139853 0.139853 0.139853
4269.901367 0.000000 3051.110596 0.000000 0.727465 0.000000 -0.686145 0.178423 0.178423 0.178423
4338.714844 0.000000 3213.597900 0.000000 0.373848 0.000000 -0.927490 0.202910 0.202910 0.202910
4332.263184 0.000000 3213.300049 0.000000 0.763968 0.000000 -0.645254 0.163228 0.163228 0.163228
4339.450195 0.000000 3215.964111 0.000000 0.549270 0.000000 -0.835645 0.173938 0.173938 0.173938
4294.769043 0.000000 3199.132324 0.000000 0.411084 0.000000 -0.911597 0.207303 0.207303 0.207303
4337.885254 0.000000 3210.145752 0.000000 0.475690 0.000000 -0.879613 0.206844 0.206844 0.206844
"}
