object={
	name="bush_01_generator_2_0"
	clamp_to_water_level=no
	render_under_water=no
	generated_content=yes
	layer="semidynamic_high"
	pdxmesh="tree_bush_01_mesh"
	count=649
	transform="2931.720459 0.000000 3200.996826 0.000000 0.860327 0.000000 -0.509743 0.101703 0.101703 0.101703
2931.655518 0.000000 3202.317871 0.000000 0.674110 0.000000 0.738631 0.170166 0.170166 0.170166
2932.600586 0.000000 3242.823242 0.000000 1.000000 0.000000 0.000720 0.110922 0.110922 0.110922
2925.233887 0.000000 3245.506592 0.000000 0.057836 0.000000 0.998326 0.098650 0.098650 0.098650
2933.758057 0.000000 3238.974121 0.000000 0.514969 0.000000 0.857208 0.102411 0.102411 0.102411
2935.542480 0.000000 3242.739258 0.000000 0.683182 0.000000 0.730248 0.122766 0.122766 0.122766
2924.193604 0.000000 3240.553955 0.000000 0.998651 0.000000 -0.051920 0.121208 0.121208 0.121208
2916.193115 0.000000 3227.068359 0.000000 0.912299 0.000000 0.409524 0.101697 0.101697 0.101697
2926.630859 0.000000 3243.385986 0.000000 0.270008 0.000000 0.962858 0.132661 0.132661 0.132661
2916.534668 0.000000 3236.787354 0.000000 0.932590 0.000000 0.360938 0.100762 0.100762 0.100762
2919.451416 0.000000 3234.604980 0.000000 0.980860 0.000000 -0.194715 0.142057 0.142057 0.142057
2936.713623 0.000000 3249.032471 0.000000 0.851670 0.000000 0.524079 0.132643 0.132643 0.132643
2934.075195 0.000000 3241.154297 0.000000 0.499249 0.000000 0.866459 0.127261 0.127261 0.127261
2918.302734 0.000000 3232.676025 0.000000 0.996116 0.000000 -0.088046 0.129213 0.129213 0.129213
2935.776123 0.000000 3247.334229 0.000000 0.988443 0.000000 0.151594 0.141050 0.141050 0.141050
2925.502441 0.000000 3241.970215 0.000000 0.057916 0.000000 0.998321 0.115181 0.115181 0.115181
2918.058105 0.000000 3235.911865 0.000000 0.968205 0.000000 -0.250156 0.142313 0.142313 0.142313
2914.527588 0.000000 3226.717041 0.000000 0.814279 0.000000 -0.580474 0.124536 0.124536 0.124536
2914.940674 0.000000 3229.695801 0.000000 0.935936 0.000000 0.352170 0.130145 0.130145 0.130145
2919.927490 0.000000 3232.783447 0.000000 0.906220 0.000000 0.422807 0.127061 0.127061 0.127061
2917.195312 0.000000 3228.201660 0.000000 0.772714 0.000000 0.634754 0.134250 0.134250 0.134250
2934.250977 0.000000 3247.372559 0.000000 0.958753 0.000000 -0.284242 0.143037 0.143037 0.143037
2915.868164 0.000000 3235.450195 0.000000 0.914029 0.000000 0.405648 0.150355 0.150355 0.150355
2930.969971 0.000000 3273.868164 0.000000 0.566060 0.000000 0.824364 0.127049 0.127049 0.127049
2915.134277 0.000000 3236.910889 0.000000 0.971500 0.000000 -0.237040 0.163138 0.163138 0.163138
2937.029053 0.000000 3247.757568 0.000000 0.196672 0.000000 0.980469 0.147329 0.147329 0.147329
2932.879395 0.000000 3241.607910 0.000000 0.005290 0.000000 0.999986 0.149046 0.149046 0.149046
2914.137939 0.000000 3234.512451 0.000000 0.989510 0.000000 0.144464 0.151678 0.151678 0.151678
2913.032959 0.000000 3225.727051 0.000000 0.993235 0.000000 -0.116119 0.160255 0.160255 0.160255
2916.950684 0.000000 3235.657227 0.000000 0.834110 0.000000 0.551598 0.185284 0.185284 0.185284
2916.266113 0.000000 3233.720703 0.000000 0.400512 0.000000 0.916291 0.192623 0.192623 0.192623
2923.641357 0.000000 3238.227295 0.000000 0.946519 0.000000 0.322648 0.174625 0.174625 0.174625
2935.210693 0.000000 3271.970703 0.000000 0.820932 0.000000 0.571026 0.185693 0.185693 0.185693
2914.829346 0.000000 3238.481201 0.000000 0.798573 0.000000 0.601898 0.179427 0.179427 0.179427
2953.888916 0.000000 3218.390137 0.000000 0.887492 0.000000 0.460823 0.108130 0.108130 0.108130
2955.119385 0.000000 3216.744141 0.000000 0.006574 0.000000 0.999978 0.110192 0.110192 0.110192
2955.079834 0.000000 3218.924072 0.000000 0.882603 0.000000 0.470120 0.177582 0.177582 0.177582
2953.437988 0.000000 3220.427002 0.000000 0.934225 0.000000 0.356684 0.098839 0.098839 0.098839
2949.380859 0.000000 3219.767334 0.000000 0.204182 0.000000 0.978933 0.129147 0.129147 0.129147
2955.846924 0.000000 3223.856445 0.000000 0.995107 0.000000 -0.098805 0.164663 0.164663 0.164663
2950.787354 0.000000 3224.500977 0.000000 0.383986 0.000000 0.923339 0.141820 0.141820 0.141820
2898.736816 0.000000 3326.214844 0.000000 0.968248 0.000000 0.249992 0.099196 0.099196 0.099196
2915.530762 0.000000 3326.682373 0.000000 0.944954 0.000000 -0.327204 0.118895 0.118895 0.118895
2918.720947 0.000000 3322.828369 0.000000 0.985535 0.000000 0.169474 0.100294 0.100294 0.100294
2909.536865 0.000000 3316.106934 0.000000 0.129943 0.000000 0.991521 0.125616 0.125616 0.125616
2895.659912 0.000000 3327.259033 0.000000 0.856531 0.000000 0.516095 0.104605 0.104605 0.104605
2895.150635 0.000000 3329.704834 0.000000 0.248995 0.000000 0.968505 0.122904 0.122904 0.122904
2916.916992 0.000000 3327.834961 0.000000 0.987119 0.000000 0.159990 0.159962 0.159962 0.159962
2907.981201 0.000000 3320.035400 0.000000 0.996876 0.000000 -0.078982 0.141532 0.141532 0.141532
2916.710693 0.000000 3325.590332 0.000000 0.993049 0.000000 -0.117701 0.161388 0.161388 0.161388
2900.687500 0.000000 3328.796875 0.000000 0.495412 0.000000 0.868658 0.161354 0.161354 0.161354
2888.996094 0.000000 3327.312744 0.000000 0.552382 0.000000 0.833591 0.174190 0.174190 0.174190
2907.975342 0.000000 3323.139404 0.000000 0.302772 0.000000 0.953063 0.137113 0.137113 0.137113
2921.291748 0.000000 3325.599854 0.000000 0.919128 0.000000 0.393960 0.147652 0.147652 0.147652
2897.929199 0.000000 3329.309326 0.000000 0.082994 0.000000 0.996550 0.190529 0.190529 0.190529
2901.477051 0.000000 3329.531250 0.000000 0.828389 0.000000 0.560154 0.163787 0.163787 0.163787
2909.235596 0.000000 3320.378662 0.000000 0.880344 0.000000 0.474336 0.196854 0.196854 0.196854
2896.040283 0.000000 3328.448242 0.000000 0.724989 0.000000 0.688761 0.195163 0.195163 0.195163
2897.198486 0.000000 3329.748291 0.000000 0.408807 0.000000 0.912621 0.192681 0.192681 0.192681
2908.471191 0.000000 3320.714355 0.000000 0.964778 0.000000 0.263064 0.198305 0.198305 0.198305
2878.777100 0.000000 3353.006348 0.000000 0.981154 0.000000 0.193227 0.148654 0.148654 0.148654
2887.674561 0.000000 3356.524170 0.000000 0.999590 0.000000 0.028637 0.099909 0.099909 0.099909
2921.423340 0.000000 3365.000244 0.000000 0.748339 0.000000 0.663316 0.099060 0.099060 0.099060
2903.427979 0.000000 3381.573486 0.000000 0.775827 0.000000 0.630945 0.121667 0.121667 0.121667
2884.861816 0.000000 3360.532715 0.000000 0.043204 0.000000 0.999066 0.118855 0.118855 0.118855
2922.134033 0.000000 3336.715576 0.000000 0.896118 0.000000 -0.443815 0.101464 0.101464 0.101464
2918.192871 0.000000 3338.284912 0.000000 0.820013 0.000000 0.572344 0.113168 0.113168 0.113168
2924.817139 0.000000 3342.104004 0.000000 0.816031 0.000000 -0.578008 0.120526 0.120526 0.120526
2919.131348 0.000000 3367.557373 0.000000 0.135898 0.000000 0.990723 0.118156 0.118156 0.118156
2892.396729 0.000000 3345.085938 0.000000 0.912745 0.000000 -0.408531 0.122629 0.122629 0.122629
2891.443359 0.000000 3362.565186 0.000000 0.055571 0.000000 0.998455 0.099176 0.099176 0.099176
2895.212646 0.000000 3345.031494 0.000000 0.456985 0.000000 0.889475 0.101647 0.101647 0.101647
2900.109619 0.000000 3344.267822 0.000000 0.617059 0.000000 0.786917 0.119152 0.119152 0.119152
2935.542480 0.000000 3355.708008 0.000000 0.990287 0.000000 -0.139038 0.122671 0.122671 0.122671
2927.681152 0.000000 3335.479980 0.000000 0.987158 0.000000 0.159748 0.103670 0.103670 0.103670
2899.875488 0.000000 3348.026855 0.000000 0.913848 0.000000 0.406057 0.110554 0.110554 0.110554
2887.626709 0.000000 3378.928467 0.000000 0.984486 0.000000 0.175464 0.123114 0.123114 0.123114
2919.590820 0.000000 3336.193359 0.000000 0.770945 0.000000 0.636901 0.122732 0.122732 0.122732
2920.628906 0.000000 3338.718506 0.000000 0.942316 0.000000 -0.334726 0.107033 0.107033 0.107033
2906.281006 0.000000 3376.424561 0.000000 0.926238 0.000000 0.376939 0.133353 0.133353 0.133353
2905.450195 0.000000 3380.274902 0.000000 0.125095 0.000000 0.992145 0.107424 0.107424 0.107424
2936.956055 0.000000 3357.993896 0.000000 0.901118 0.000000 -0.433573 0.129554 0.129554 0.129554
2920.581299 0.000000 3362.842529 0.000000 0.954887 0.000000 -0.296971 0.122735 0.122735 0.122735
2934.075195 0.000000 3354.123047 0.000000 0.860475 0.000000 0.509493 0.120051 0.120051 0.120051
2897.646729 0.000000 3351.902832 0.000000 0.970404 0.000000 0.241486 0.120069 0.120069 0.120069
2890.587402 0.000000 3345.858398 0.000000 0.992485 0.000000 0.122366 0.118862 0.118862 0.118862
2929.665527 0.000000 3361.340820 0.000000 0.637725 0.000000 0.770264 0.134503 0.134503 0.134503
2926.857178 0.000000 3338.082031 0.000000 0.410425 0.000000 0.911894 0.117127 0.117127 0.117127
2936.590820 0.000000 3386.488770 0.000000 0.658209 0.000000 0.752835 0.115545 0.115545 0.115545
2935.086426 0.000000 3369.194336 0.000000 0.390189 0.000000 0.920735 0.108412 0.108412 0.108412
2893.681152 0.000000 3346.350830 0.000000 0.729576 0.000000 0.683900 0.149275 0.149275 0.149275
2897.241455 0.000000 3350.209473 0.000000 0.088916 0.000000 0.996039 0.115301 0.115301 0.115301
2880.520752 0.000000 3352.348145 0.000000 0.725725 0.000000 0.687985 0.130113 0.130113 0.130113
2907.981201 0.000000 3376.519775 0.000000 0.310606 0.000000 0.950539 0.129621 0.129621 0.129621
2907.020264 0.000000 3380.786377 0.000000 0.951243 0.000000 -0.308442 0.154468 0.154468 0.154468
2886.216797 0.000000 3379.810059 0.000000 0.858371 0.000000 0.513030 0.121686 0.121686 0.121686
2901.720947 0.000000 3344.750977 0.000000 0.815726 0.000000 -0.578439 0.125098 0.125098 0.125098
2903.844482 0.000000 3380.098633 0.000000 0.407457 0.000000 0.913225 0.119813 0.119813 0.119813
2920.266113 0.000000 3361.341553 0.000000 0.293268 0.000000 0.956030 0.152118 0.152118 0.152118
2936.550049 0.000000 3354.553955 0.000000 0.553935 0.000000 0.832560 0.142183 0.142183 0.142183
2887.945068 0.000000 3360.516357 0.000000 0.794494 0.000000 0.607272 0.148118 0.148118 0.148118
2884.396240 0.000000 3359.163818 0.000000 0.611458 0.000000 0.791277 0.149585 0.149585 0.149585
2920.668945 0.000000 3337.231445 0.000000 0.982380 0.000000 0.186893 0.142002 0.142002 0.142002
2894.923096 0.000000 3362.798828 0.000000 0.977325 0.000000 -0.211745 0.129727 0.129727 0.129727
2896.534668 0.000000 3346.406006 0.000000 0.645671 0.000000 0.763616 0.161240 0.161240 0.161240
2885.906494 0.000000 3359.166748 0.000000 0.826520 0.000000 0.562908 0.151130 0.151130 0.151130
2919.114014 0.000000 3363.032959 0.000000 0.591832 0.000000 0.806061 0.164683 0.164683 0.164683
2923.614258 0.000000 3342.802490 0.000000 0.929640 0.000000 -0.368470 0.147975 0.147975 0.147975
2905.071777 0.000000 3365.942139 0.000000 0.899880 0.000000 -0.436138 0.145478 0.145478 0.145478
2926.835205 0.000000 3336.628662 0.000000 0.962627 0.000000 0.270829 0.173264 0.173264 0.173264
2907.966064 0.000000 3381.847412 0.000000 0.303698 0.000000 0.952768 0.146796 0.146796 0.146796
2922.089600 0.000000 3366.191406 0.000000 0.960335 0.000000 0.278849 0.159893 0.159893 0.159893
2923.793701 0.000000 3367.234375 0.000000 0.766421 0.000000 0.642338 0.157762 0.157762 0.157762
2928.982666 0.000000 3336.009277 0.000000 0.918761 0.000000 -0.394814 0.163429 0.163429 0.163429
2887.451660 0.000000 3380.295898 0.000000 0.507543 0.000000 0.861626 0.141927 0.141927 0.141927
2888.591797 0.000000 3359.337158 0.000000 0.972891 0.000000 0.231262 0.164038 0.164038 0.164038
2928.072021 0.000000 3356.337891 0.000000 0.878175 0.000000 0.478339 0.156026 0.156026 0.156026
2900.947754 0.000000 3347.207764 0.000000 0.984329 0.000000 -0.176339 0.165072 0.165072 0.165072
2892.848145 0.000000 3376.481201 0.000000 0.875314 0.000000 0.483554 0.184660 0.184660 0.184660
2894.841064 0.000000 3360.372559 0.000000 0.907619 0.000000 0.419795 0.158015 0.158015 0.158015
2927.924805 0.000000 3340.897461 0.000000 0.004273 0.000000 0.999991 0.157558 0.157558 0.157558
2904.739502 0.000000 3379.310059 0.000000 0.981174 0.000000 -0.193127 0.154451 0.154451 0.154451
2899.455566 0.000000 3351.678955 0.000000 0.986813 0.000000 -0.161866 0.158801 0.158801 0.158801
2933.597656 0.000000 3358.249268 0.000000 0.224993 0.000000 0.974360 0.188763 0.188763 0.188763
2891.736572 0.000000 3346.121094 0.000000 0.893010 0.000000 0.450037 0.160603 0.160603 0.160603
2898.167725 0.000000 3350.846191 0.000000 0.969064 0.000000 -0.246810 0.159237 0.159237 0.159237
2894.774170 0.000000 3346.135254 0.000000 0.806098 0.000000 0.591782 0.170169 0.170169 0.170169
2920.736816 0.000000 3360.369385 0.000000 0.989207 0.000000 0.146525 0.157801 0.157801 0.157801
2896.389648 0.000000 3347.515137 0.000000 0.587879 0.000000 0.808949 0.160852 0.160852 0.160852
2894.162354 0.000000 3347.323242 0.000000 0.803994 0.000000 0.594637 0.170149 0.170149 0.170149
2928.014648 0.000000 3336.487061 0.000000 0.997532 0.000000 -0.070217 0.161705 0.161705 0.161705
2892.126709 0.000000 3377.518555 0.000000 0.836054 0.000000 -0.548646 0.191144 0.191144 0.191144
2919.507568 0.000000 3362.060791 0.000000 0.508416 0.000000 0.861112 0.164142 0.164142 0.164142
2921.319092 0.000000 3367.594727 0.000000 0.006547 0.000000 0.999979 0.190042 0.190042 0.190042
2918.106445 0.000000 3363.150391 0.000000 0.663436 0.000000 0.748233 0.165180 0.165180 0.165180
2932.438965 0.000000 3358.414551 0.000000 0.269006 0.000000 0.963138 0.189049 0.189049 0.189049
2933.996826 0.000000 3359.321777 0.000000 0.960793 0.000000 -0.277265 0.198962 0.198962 0.198962
2939.716797 0.000000 3386.526367 0.000000 0.770964 0.000000 0.636878 0.195605 0.195605 0.195605
2888.711426 0.000000 3363.624023 0.000000 0.349053 0.000000 0.937103 0.180960 0.180960 0.180960
2924.048828 0.000000 3341.431396 0.000000 0.976734 0.000000 0.214452 0.198624 0.198624 0.198624
2906.373291 0.000000 3378.198975 0.000000 0.010512 0.000000 0.999945 0.188470 0.188470 0.188470
2930.397217 0.000000 3358.568604 0.000000 0.163342 0.000000 0.986569 0.191045 0.191045 0.191045
2903.846680 0.000000 3379.041748 0.000000 0.979839 0.000000 0.199789 0.198719 0.198719 0.198719
2938.434082 0.000000 3385.343994 0.000000 0.895056 0.000000 0.445954 0.195401 0.195401 0.195401
2939.410645 0.000000 3385.681885 0.000000 0.937058 0.000000 0.349173 0.196068 0.196068 0.196068
2930.914062 0.000000 3357.214600 0.000000 0.328048 0.000000 0.944661 0.192128 0.192128 0.192128
2930.718018 0.000000 3361.147217 0.000000 0.816448 0.000000 -0.577419 0.203919 0.203919 0.203919
2925.529785 0.000000 3341.673340 0.000000 0.406953 0.000000 0.913449 0.192668 0.192668 0.192668
2889.468994 0.000000 3361.919434 0.000000 0.256527 0.000000 0.966537 0.191652 0.191652 0.191652
2902.112061 0.000000 3379.729004 0.000000 0.870325 0.000000 -0.492478 0.203278 0.203278 0.203278
2925.288086 0.000000 3340.286377 0.000000 0.413437 0.000000 0.910533 0.192713 0.192713 0.192713
2900.558105 0.000000 3379.277344 0.000000 0.999987 0.000000 0.004999 0.199968 0.199968 0.199968
2903.079346 0.000000 3379.831299 0.000000 0.999655 0.000000 -0.026256 0.200167 0.200167 0.200167
2888.656982 0.000000 3360.147461 0.000000 0.895531 0.000000 0.444999 0.197064 0.197064 0.197064
2924.846924 0.000000 3341.291748 0.000000 0.848423 0.000000 -0.529318 0.203551 0.203551 0.203551
2931.507324 0.000000 3361.367920 0.000000 0.515527 0.000000 0.856874 0.193448 0.193448 0.193448
2854.720947 0.000000 3435.797119 0.000000 0.877709 0.000000 -0.479193 0.101591 0.101591 0.101591
2854.885986 0.000000 3433.224121 0.000000 0.999979 0.000000 -0.006428 0.130559 0.130559 0.130559
2877.048584 0.000000 3428.327881 0.000000 0.987528 0.000000 0.157445 0.117055 0.117055 0.117055
2869.193359 0.000000 3428.397461 0.000000 0.719379 0.000000 0.694618 0.129528 0.129528 0.129528
2859.631348 0.000000 3432.612305 0.000000 0.134422 0.000000 0.990924 0.140604 0.140604 0.140604
2872.429443 0.000000 3426.257812 0.000000 0.926433 0.000000 -0.376459 0.178072 0.178072 0.178072
2874.465332 0.000000 3426.594482 0.000000 0.953009 0.000000 -0.302941 0.158400 0.158400 0.158400
2872.208740 0.000000 3427.465332 0.000000 0.297575 0.000000 0.954698 0.168807 0.168807 0.168807
2857.701660 0.000000 3434.966553 0.000000 0.996064 0.000000 0.088633 0.178207 0.178207 0.178207
2876.028564 0.000000 3427.845703 0.000000 0.610160 0.000000 0.792278 0.166438 0.166438 0.166438
2877.773926 0.000000 3427.491943 0.000000 0.974150 0.000000 0.225902 0.170185 0.170185 0.170185
2856.987061 0.000000 3433.355469 0.000000 0.995008 0.000000 -0.099795 0.194454 0.194454 0.194454
2934.117188 0.000000 3396.083984 0.000000 0.526193 0.000000 0.850365 0.096764 0.096764 0.096764
2928.763672 0.000000 3428.868896 0.000000 0.976299 0.000000 0.216425 0.099306 0.099306 0.099306
2903.871582 0.000000 3428.543457 0.000000 0.909338 0.000000 0.416057 0.115488 0.115488 0.115488
2902.697754 0.000000 3435.581055 0.000000 0.916881 0.000000 -0.399160 0.102726 0.102726 0.102726
2943.545410 0.000000 3421.021484 0.000000 0.595203 0.000000 0.803575 0.134265 0.134265 0.134265
2936.204834 0.000000 3399.323242 0.000000 0.944595 0.000000 -0.328238 0.152871 0.152871 0.152871
2902.173340 0.000000 3428.404053 0.000000 0.973986 0.000000 0.226608 0.116235 0.116235 0.116235
2931.333496 0.000000 3433.470215 0.000000 0.964355 0.000000 0.264611 0.143861 0.143861 0.143861
2905.412842 0.000000 3429.174072 0.000000 0.941279 0.000000 0.337629 0.150710 0.150710 0.150710
2880.129395 0.000000 3421.107178 0.000000 0.844914 0.000000 0.534901 0.132038 0.132038 0.132038
2902.083252 0.000000 3425.504639 0.000000 0.955281 0.000000 0.295699 0.149260 0.149260 0.149260
2943.264893 0.000000 3422.514404 0.000000 0.791341 0.000000 0.611375 0.146996 0.146996 0.146996
2902.808838 0.000000 3432.081543 0.000000 0.048570 0.000000 0.998820 0.133270 0.133270 0.133270
2881.603271 0.000000 3423.015869 0.000000 0.578973 0.000000 0.815346 0.171659 0.171659 0.171659
2942.371094 0.000000 3420.352051 0.000000 0.576405 0.000000 0.817164 0.134162 0.134162 0.134162
2904.281250 0.000000 3429.772705 0.000000 0.958218 0.000000 0.286040 0.150974 0.150974 0.150974
2880.655273 0.000000 3422.207764 0.000000 0.536729 0.000000 0.843755 0.171372 0.171372 0.171372
2902.202637 0.000000 3426.590332 0.000000 0.868398 0.000000 -0.495868 0.167426 0.167426 0.167426
2901.277832 0.000000 3425.995850 0.000000 0.320105 0.000000 0.947382 0.192074 0.192074 0.192074
2901.139404 0.000000 3425.138184 0.000000 0.399133 0.000000 0.916893 0.192614 0.192614 0.192614
2866.491943 0.000000 3469.187256 0.000000 0.854494 0.000000 0.519461 0.138171 0.138171 0.138171
2867.232666 0.000000 3464.900879 0.000000 0.677904 0.000000 0.735151 0.118373 0.118373 0.118373
2864.072021 0.000000 3469.306641 0.000000 0.390584 0.000000 0.920567 0.143472 0.143472 0.143472
2868.518799 0.000000 3464.628174 0.000000 0.816673 0.000000 0.577101 0.146651 0.146651 0.146651
2867.659180 0.000000 3469.663086 0.000000 0.957276 0.000000 -0.289178 0.141929 0.141929 0.141929
2872.864014 0.000000 3464.074951 0.000000 0.859742 0.000000 0.510729 0.191632 0.191632 0.191632
2865.295410 0.000000 3469.307861 0.000000 0.938595 0.000000 -0.345022 0.150691 0.150691 0.150691
2872.405029 0.000000 3465.030273 0.000000 0.126210 0.000000 0.992004 0.185995 0.185995 0.185995
2867.315430 0.000000 3466.635254 0.000000 0.438782 0.000000 0.898593 0.165336 0.165336 0.165336
2873.169189 0.000000 3465.669922 0.000000 0.628167 0.000000 0.778078 0.189425 0.189425 0.189425
2870.947998 0.000000 3464.974365 0.000000 0.906817 0.000000 -0.421524 0.190274 0.190274 0.190274
2938.134033 0.000000 3473.011230 0.000000 0.073458 0.000000 0.997298 0.110439 0.110439 0.110439
2910.227295 0.000000 3450.104248 0.000000 0.966742 0.000000 -0.255753 0.122569 0.122569 0.122569
2889.939697 0.000000 3460.835205 0.000000 0.830502 0.000000 -0.557016 0.101881 0.101881 0.101881
2921.246582 0.000000 3493.858643 0.000000 0.590626 0.000000 0.806945 0.110870 0.110870 0.110870
2911.881836 0.000000 3448.196289 0.000000 0.455548 0.000000 0.890211 0.135703 0.135703 0.135703
2926.584229 0.000000 3494.327393 0.000000 0.999915 0.000000 -0.013017 0.123300 0.123300 0.123300
2924.263184 0.000000 3495.721924 0.000000 0.999331 0.000000 -0.036581 0.137415 0.137415 0.137415
2888.162109 0.000000 3465.267578 0.000000 0.726506 0.000000 0.687160 0.124651 0.124651 0.124651
2936.956055 0.000000 3470.962646 0.000000 0.182198 0.000000 0.983262 0.107096 0.107096 0.107096
2920.273193 0.000000 3495.762451 0.000000 0.856773 0.000000 0.515693 0.111764 0.111764 0.111764
2911.953369 0.000000 3451.222168 0.000000 0.816652 0.000000 -0.577131 0.123949 0.123949 0.123949
2935.776123 0.000000 3473.271729 0.000000 0.979238 0.000000 0.202713 0.128014 0.128014 0.128014
2925.863037 0.000000 3492.364014 0.000000 0.068180 0.000000 0.997673 0.125889 0.125889 0.125889
2922.718262 0.000000 3492.045898 0.000000 0.963555 0.000000 -0.267511 0.116966 0.116966 0.116966
2934.250977 0.000000 3473.310059 0.000000 0.999939 0.000000 0.011057 0.128806 0.128806 0.128806
2925.060791 0.000000 3494.489746 0.000000 0.935527 0.000000 -0.353256 0.138832 0.138832 0.138832
2910.456787 0.000000 3448.597656 0.000000 0.783650 0.000000 0.621203 0.137616 0.137616 0.137616
2887.009521 0.000000 3467.186768 0.000000 0.999599 0.000000 -0.028334 0.178873 0.178873 0.178873
2909.169678 0.000000 3449.146484 0.000000 0.901514 0.000000 -0.432750 0.142051 0.142051 0.142051
2938.259521 0.000000 3471.678955 0.000000 0.304773 0.000000 0.952425 0.165085 0.165085 0.165085
2911.390869 0.000000 3449.489014 0.000000 0.838441 0.000000 0.544992 0.138036 0.138036 0.138036
2935.607178 0.000000 3474.438965 0.000000 0.967312 0.000000 0.253590 0.167251 0.167251 0.167251
2887.842529 0.000000 3466.411621 0.000000 0.999796 0.000000 0.020212 0.178596 0.178596 0.178596
2888.331055 0.000000 3462.346436 0.000000 0.615515 0.000000 0.788126 0.194221 0.194221 0.194221
2922.110352 0.000000 3494.307861 0.000000 0.793084 0.000000 0.609113 0.189248 0.189248 0.189248
2889.270996 0.000000 3463.262695 0.000000 0.861313 0.000000 0.508075 0.196607 0.196607 0.196607
2909.564209 0.000000 3451.580566 0.000000 0.741750 0.000000 0.670676 0.195320 0.195320 0.195320
2944.951172 0.000000 3403.297607 0.000000 0.999510 0.000000 0.031290 0.128723 0.128723 0.128723
2944.082764 0.000000 3400.842773 0.000000 0.389269 0.000000 0.921124 0.182837 0.182837 0.182837
2944.949951 0.000000 3400.145264 0.000000 0.519652 0.000000 0.854378 0.183724 0.183724 0.183724
2945.886230 0.000000 3401.184570 0.000000 0.960370 0.000000 -0.278729 0.191624 0.191624 0.191624
2947.876465 0.000000 3427.469482 0.000000 0.949969 0.000000 -0.312344 0.175991 0.175991 0.175991
2946.178223 0.000000 3427.983398 0.000000 0.929215 0.000000 -0.369540 0.176329 0.176329 0.176329
3553.938477 0.000000 3270.497803 0.000000 0.984792 0.000000 0.173735 0.160448 0.160448 0.160448
3570.317383 0.000000 3279.284912 0.000000 0.987138 0.000000 -0.159870 0.100511 0.100511 0.100511
3571.006592 0.000000 3284.538818 0.000000 0.399111 0.000000 0.916902 0.112223 0.112223 0.112223
3569.047119 0.000000 3284.918213 0.000000 0.930832 0.000000 0.365447 0.132299 0.132299 0.132299
3569.566406 0.000000 3283.276367 0.000000 0.988725 0.000000 0.149743 0.151652 0.151652 0.151652
3571.249023 0.000000 3280.503906 0.000000 0.929537 0.000000 0.368730 0.143354 0.143354 0.143354
3572.128174 0.000000 3281.579102 0.000000 0.315961 0.000000 0.948772 0.141480 0.141480 0.141480
3568.730957 0.000000 3282.246826 0.000000 0.954919 0.000000 0.296867 0.150919 0.150919 0.150919
3570.878662 0.000000 3283.060059 0.000000 0.819081 0.000000 -0.573678 0.189612 0.189612 0.189612
3571.538086 0.000000 3282.346436 0.000000 0.829514 0.000000 -0.558486 0.189503 0.189503 0.189503
3628.186279 0.000000 3210.833252 0.000000 0.959249 0.000000 -0.282562 0.100912 0.100912 0.100912
3647.097656 0.000000 3202.514160 0.000000 0.837731 0.000000 0.546083 0.098161 0.098161 0.098161
3631.152100 0.000000 3208.595703 0.000000 0.353071 0.000000 0.935597 0.109884 0.109884 0.109884
3599.659912 0.000000 3214.290283 0.000000 0.994980 0.000000 0.100078 0.115596 0.115596 0.115596
3644.370361 0.000000 3209.021729 0.000000 0.342752 0.000000 0.939426 0.106075 0.106075 0.106075
3599.977051 0.000000 3212.192139 0.000000 0.659585 0.000000 0.751630 0.104651 0.104651 0.104651
3639.657227 0.000000 3203.498779 0.000000 0.947054 0.000000 -0.321074 0.138117 0.138117 0.138117
3625.461914 0.000000 3218.724609 0.000000 0.892883 0.000000 0.450289 0.126936 0.126936 0.126936
3597.842285 0.000000 3214.602783 0.000000 0.507763 0.000000 0.861497 0.121885 0.121885 0.121885
3634.333252 0.000000 3202.061523 0.000000 0.686498 0.000000 0.727132 0.138609 0.138609 0.138609
3642.732422 0.000000 3216.797852 0.000000 0.964433 0.000000 -0.264328 0.142379 0.142379 0.142379
3604.687500 0.000000 3215.828125 0.000000 0.844362 0.000000 0.535773 0.118280 0.118280 0.118280
3643.649902 0.000000 3218.078857 0.000000 0.837826 0.000000 -0.545938 0.146054 0.146054 0.146054
3645.900391 0.000000 3216.192871 0.000000 0.994684 0.000000 -0.102970 0.129837 0.129837 0.129837
3640.531494 0.000000 3218.585938 0.000000 0.314381 0.000000 0.949297 0.160837 0.160837 0.160837
3596.418213 0.000000 3212.200928 0.000000 0.543002 0.000000 0.839731 0.147004 0.147004 0.147004
3645.369629 0.000000 3210.420654 0.000000 0.998738 0.000000 0.050219 0.129764 0.129764 0.129764
3626.734131 0.000000 3211.139160 0.000000 0.815974 0.000000 0.578088 0.141153 0.141153 0.141153
3627.314453 0.000000 3208.310303 0.000000 0.973091 0.000000 0.230421 0.142356 0.142356 0.142356
3602.552246 0.000000 3217.275879 0.000000 0.538540 0.000000 0.842600 0.171926 0.171926 0.171926
3634.095459 0.000000 3203.461914 0.000000 0.828805 0.000000 0.559537 0.139607 0.139607 0.139607
3632.909180 0.000000 3206.172119 0.000000 0.904698 0.000000 0.426053 0.146380 0.146380 0.146380
3627.721924 0.000000 3214.518555 0.000000 0.284217 0.000000 0.958760 0.132189 0.132189 0.132189
3625.749756 0.000000 3216.272949 0.000000 0.104165 0.000000 0.994560 0.178381 0.178381 0.178381
3631.754639 0.000000 3211.839111 0.000000 0.859083 0.000000 -0.511836 0.190885 0.190885 0.190885
3640.844238 0.000000 3214.655273 0.000000 0.957606 0.000000 0.288083 0.192590 0.192590 0.192590
3641.721436 0.000000 3217.245117 0.000000 0.887941 0.000000 0.459957 0.157787 0.157787 0.157787
3641.582520 0.000000 3219.261719 0.000000 0.923928 0.000000 -0.382566 0.169600 0.169600 0.169600
3600.040283 0.000000 3215.479492 0.000000 0.729638 0.000000 0.683834 0.195206 0.195206 0.195206
3625.895508 0.000000 3217.807129 0.000000 0.421274 0.000000 0.906933 0.180349 0.180349 0.180349
3644.698730 0.000000 3213.922852 0.000000 0.138917 0.000000 0.990304 0.188214 0.188214 0.188214
3630.536865 0.000000 3210.594971 0.000000 0.998879 0.000000 0.047344 0.187392 0.187392 0.187392
3648.096924 0.000000 3203.162354 0.000000 0.917853 0.000000 0.396920 0.134919 0.134919 0.134919
3649.161133 0.000000 3202.405029 0.000000 0.974506 0.000000 0.224359 0.135710 0.135710 0.135710
3649.115234 0.000000 3205.391846 0.000000 0.701060 0.000000 0.713103 0.194946 0.194946 0.194946
3652.587402 0.000000 3204.926758 0.000000 0.614682 0.000000 0.788775 0.172454 0.172454 0.172454
3651.682129 0.000000 3207.973877 0.000000 0.360125 0.000000 0.932904 0.192345 0.192345 0.192345
3648.758057 0.000000 3207.544189 0.000000 0.864211 0.000000 -0.503129 0.203356 0.203356 0.203356
3649.714111 0.000000 3204.669922 0.000000 0.958915 0.000000 -0.283693 0.201831 0.201831 0.201831
3625.206787 0.000000 3228.153076 0.000000 0.676644 0.000000 0.736311 0.117821 0.117821 0.117821
3634.281250 0.000000 3262.678467 0.000000 0.904246 0.000000 -0.427012 0.101688 0.101688 0.101688
3614.227295 0.000000 3224.166748 0.000000 0.965298 0.000000 -0.261150 0.113552 0.113552 0.113552
3625.896973 0.000000 3219.637695 0.000000 0.328598 0.000000 0.944470 0.123782 0.123782 0.123782
3645.449707 0.000000 3229.095459 0.000000 0.808677 0.000000 0.588252 0.111998 0.111998 0.111998
3628.817139 0.000000 3229.135254 0.000000 0.968510 0.000000 -0.248976 0.116895 0.116895 0.116895
3612.683105 0.000000 3233.043213 0.000000 0.999910 0.000000 0.013446 0.106957 0.106957 0.106957
3619.373291 0.000000 3246.552734 0.000000 0.693775 0.000000 0.720192 0.097441 0.097441 0.097441
3636.340576 0.000000 3219.945557 0.000000 0.353773 0.000000 0.935331 0.108271 0.108271 0.108271
3636.968994 0.000000 3223.967285 0.000000 0.910500 0.000000 0.413510 0.127656 0.127656 0.127656
3594.423096 0.000000 3243.356934 0.000000 0.806171 0.000000 0.591683 0.105395 0.105395 0.105395
3626.478760 0.000000 3245.346436 0.000000 0.974751 0.000000 -0.223295 0.102127 0.102127 0.102127
3626.451904 0.000000 3254.543457 0.000000 0.758917 0.000000 0.651187 0.110611 0.110611 0.110611
3610.516602 0.000000 3258.388184 0.000000 0.989895 0.000000 0.141803 0.136633 0.136633 0.136633
3630.630859 0.000000 3243.385986 0.000000 0.923801 0.000000 0.382872 0.105665 0.105665 0.105665
3647.450684 0.000000 3227.538574 0.000000 0.968417 0.000000 0.249335 0.138377 0.138377 0.138377
3635.473145 0.000000 3259.987305 0.000000 0.954369 0.000000 -0.298629 0.111429 0.111429 0.111429
3619.024170 0.000000 3240.181396 0.000000 0.950153 0.000000 -0.311784 0.137508 0.137508 0.137508
3592.162109 0.000000 3239.330078 0.000000 0.141932 0.000000 0.989876 0.105881 0.105881 0.105881
3612.903564 0.000000 3226.230713 0.000000 0.721174 0.000000 0.692754 0.112595 0.112595 0.112595
3593.306152 0.000000 3245.283936 0.000000 0.996702 0.000000 0.081152 0.124048 0.124048 0.124048
3603.258789 0.000000 3258.502930 0.000000 0.825416 0.000000 0.564525 0.139580 0.139580 0.139580
3624.507812 0.000000 3244.031738 0.000000 0.965681 0.000000 0.259730 0.104441 0.104441 0.104441
3609.637451 0.000000 3256.306885 0.000000 0.856938 0.000000 -0.515419 0.115116 0.115116 0.115116
3630.326416 0.000000 3230.727539 0.000000 0.513049 0.000000 0.858360 0.121368 0.121368 0.121368
3629.664307 0.000000 3226.604980 0.000000 0.852275 0.000000 -0.523093 0.148211 0.148211 0.148211
3615.953369 0.000000 3225.284668 0.000000 0.395560 0.000000 0.918440 0.108432 0.108432 0.108432
3613.062500 0.000000 3237.285645 0.000000 0.968680 0.000000 0.248312 0.118375 0.118375 0.118375
3629.659912 0.000000 3251.559570 0.000000 0.573101 0.000000 0.819485 0.131429 0.131429 0.131429
3597.989746 0.000000 3246.523926 0.000000 0.673005 0.000000 0.739638 0.128164 0.128164 0.128164
3637.193359 0.000000 3258.944336 0.000000 0.755389 0.000000 0.655276 0.116066 0.116066 0.116066
3592.026367 0.000000 3274.063721 0.000000 0.403921 0.000000 0.914794 0.110624 0.110624 0.110624
3631.143311 0.000000 3245.286865 0.000000 0.661687 0.000000 0.749780 0.133551 0.133551 0.133551
3627.248291 0.000000 3252.435303 0.000000 0.891993 0.000000 -0.452049 0.155225 0.155225 0.155225
3615.909912 0.000000 3234.576904 0.000000 0.031327 0.000000 0.999509 0.116144 0.116144 0.116144
3640.123047 0.000000 3222.952881 0.000000 0.809780 0.000000 -0.586734 0.158851 0.158851 0.158851
3613.993164 0.000000 3234.407227 0.000000 0.580677 0.000000 0.814134 0.130383 0.130383 0.130383
3614.270752 0.000000 3228.886230 0.000000 0.987401 0.000000 -0.158239 0.142454 0.142454 0.142454
3590.483887 0.000000 3238.541748 0.000000 0.346350 0.000000 0.938105 0.122783 0.122783 0.122783
3633.127930 0.000000 3221.437256 0.000000 0.641951 0.000000 0.766746 0.144875 0.144875 0.144875
3618.022705 0.000000 3241.645020 0.000000 0.766673 0.000000 0.642037 0.133113 0.133113 0.133113
3611.789307 0.000000 3254.789062 0.000000 0.984360 0.000000 -0.176171 0.143662 0.143662 0.143662
3623.815674 0.000000 3229.163086 0.000000 0.124784 0.000000 0.992184 0.122922 0.122922 0.122922
3634.757324 0.000000 3220.957520 0.000000 0.957218 0.000000 -0.289367 0.147585 0.147585 0.147585
3632.528809 0.000000 3240.490479 0.000000 0.818323 0.000000 0.574759 0.126340 0.126340 0.126340
3621.219971 0.000000 3243.188721 0.000000 0.936734 0.000000 0.350041 0.119631 0.119631 0.119631
3635.356445 0.000000 3241.784668 0.000000 0.823795 0.000000 0.566888 0.148359 0.148359 0.148359
3638.518555 0.000000 3223.298340 0.000000 0.988867 0.000000 0.148802 0.145523 0.145523 0.145523
3608.535400 0.000000 3254.653076 0.000000 0.646580 0.000000 0.762847 0.128561 0.128561 0.128561
3604.233154 0.000000 3261.729004 0.000000 0.783471 0.000000 0.621428 0.121167 0.121167 0.121167
3643.157471 0.000000 3221.361084 0.000000 0.120131 0.000000 0.992758 0.150690 0.150690 0.150690
3601.973633 0.000000 3234.530762 0.000000 0.764230 0.000000 0.644944 0.148981 0.148981 0.148981
3628.527832 0.000000 3227.593018 0.000000 0.970768 0.000000 -0.240021 0.146782 0.146782 0.146782
3599.615479 0.000000 3248.363770 0.000000 0.190392 0.000000 0.981708 0.117838 0.117838 0.117838
3590.677002 0.000000 3244.859619 0.000000 0.835884 0.000000 0.548907 0.147913 0.147913 0.147913
3626.374268 0.000000 3232.254150 0.000000 0.246956 0.000000 0.969027 0.122359 0.122359 0.122359
3600.534668 0.000000 3233.437256 0.000000 0.623043 0.000000 0.782188 0.124624 0.124624 0.124624
3629.066406 0.000000 3225.207764 0.000000 0.966941 0.000000 0.255000 0.135017 0.135017 0.135017
3613.330322 0.000000 3235.716553 0.000000 0.049403 0.000000 0.998779 0.127943 0.127943 0.127943
3600.139404 0.000000 3258.565430 0.000000 0.940299 0.000000 -0.340350 0.143870 0.143870 0.143870
3593.120117 0.000000 3243.884277 0.000000 0.623247 0.000000 0.782025 0.156189 0.156189 0.156189
3610.960693 0.000000 3255.897705 0.000000 0.931070 0.000000 -0.364840 0.144555 0.144555 0.144555
3646.061768 0.000000 3227.797607 0.000000 0.955520 0.000000 0.294926 0.138166 0.138166 0.138166
3632.909180 0.000000 3262.656494 0.000000 0.984290 0.000000 0.176561 0.163218 0.163218 0.163218
3626.089600 0.000000 3253.222656 0.000000 0.904784 0.000000 0.425871 0.150800 0.150800 0.150800
3632.982666 0.000000 3223.040527 0.000000 0.698335 0.000000 0.715771 0.146328 0.146328 0.146328
3629.841309 0.000000 3227.933594 0.000000 0.428688 0.000000 0.903453 0.140429 0.140429 0.140429
3631.812744 0.000000 3251.713867 0.000000 0.997752 0.000000 -0.067009 0.190883 0.190883 0.190883
3646.128906 0.000000 3226.469971 0.000000 0.002283 0.000000 0.999997 0.132531 0.132531 0.132531
3601.638672 0.000000 3260.907715 0.000000 0.937898 0.000000 0.346911 0.189436 0.189436 0.189436
3626.334229 0.000000 3246.703125 0.000000 0.807085 0.000000 0.590435 0.173472 0.173472 0.173472
3639.307129 0.000000 3220.454834 0.000000 0.980996 0.000000 0.194029 0.150320 0.150320 0.150320
3629.009277 0.000000 3246.770752 0.000000 0.375486 0.000000 0.926828 0.152559 0.152559 0.152559
3632.498535 0.000000 3253.162109 0.000000 0.856374 0.000000 -0.516356 0.172110 0.172110 0.172110
3634.898682 0.000000 3219.716309 0.000000 0.495617 0.000000 0.868541 0.175433 0.175433 0.175433
3603.024170 0.000000 3233.863770 0.000000 0.999283 0.000000 0.037871 0.141006 0.141006 0.141006
3592.640381 0.000000 3242.708984 0.000000 0.241933 0.000000 0.970293 0.153996 0.153996 0.153996
3593.029297 0.000000 3240.211670 0.000000 0.333022 0.000000 0.942919 0.187855 0.187855 0.187855
3598.841064 0.000000 3247.403809 0.000000 0.914719 0.000000 -0.404091 0.147019 0.147019 0.147019
3599.969482 0.000000 3237.013428 0.000000 0.934961 0.000000 0.354750 0.171111 0.171111 0.171111
3597.813477 0.000000 3244.650391 0.000000 0.879403 0.000000 0.476079 0.153282 0.153282 0.153282
3641.383301 0.000000 3222.965576 0.000000 0.976217 0.000000 0.216794 0.154659 0.154659 0.154659
3631.400146 0.000000 3229.847900 0.000000 0.346465 0.000000 0.938063 0.143785 0.143785 0.143785
3643.234131 0.000000 3223.981445 0.000000 0.921021 0.000000 -0.389513 0.150350 0.150350 0.150350
3600.442383 0.000000 3260.416992 0.000000 0.843366 0.000000 -0.537340 0.195056 0.195056 0.195056
3611.909180 0.000000 3237.105225 0.000000 0.903445 0.000000 0.428705 0.172877 0.172877 0.172877
3643.895996 0.000000 3220.417480 0.000000 0.560747 0.000000 0.827987 0.153078 0.153078 0.153078
3594.164795 0.000000 3244.541260 0.000000 0.981874 0.000000 0.189533 0.198786 0.198786 0.198786
3620.053711 0.000000 3245.651611 0.000000 0.136510 0.000000 0.990639 0.145426 0.145426 0.145426
3629.578613 0.000000 3231.667725 0.000000 0.934563 0.000000 -0.355798 0.189848 0.189848 0.189848
3605.435547 0.000000 3265.616943 0.000000 0.906127 0.000000 -0.423006 0.202781 0.202781 0.202781
3615.837402 0.000000 3226.417725 0.000000 0.807661 0.000000 0.589648 0.190496 0.190496 0.190496
3628.707520 0.000000 3233.666992 0.000000 0.332213 0.000000 0.943204 0.159861 0.159861 0.159861
3624.736816 0.000000 3247.400635 0.000000 0.963206 0.000000 -0.268765 0.162742 0.162742 0.162742
3620.245605 0.000000 3247.240234 0.000000 0.926824 0.000000 0.375497 0.197549 0.197549 0.197549
3626.868164 0.000000 3247.745361 0.000000 0.867388 0.000000 0.497632 0.174096 0.174096 0.174096
3630.713867 0.000000 3251.319824 0.000000 0.923469 0.000000 -0.383674 0.192864 0.192864 0.192864
3632.215332 0.000000 3229.156494 0.000000 0.880923 0.000000 -0.473260 0.168998 0.168998 0.168998
3633.527588 0.000000 3225.074219 0.000000 0.978883 0.000000 0.204420 0.198689 0.198689 0.198689
3614.072510 0.000000 3226.657471 0.000000 0.141291 0.000000 0.989968 0.185555 0.185555 0.185555
3604.294678 0.000000 3262.803223 0.000000 0.530290 0.000000 0.847816 0.187052 0.187052 0.187052
3604.768066 0.000000 3264.549072 0.000000 0.303441 0.000000 0.952850 0.191963 0.191963 0.191963
3634.968262 0.000000 3222.012207 0.000000 0.701818 0.000000 0.712357 0.194953 0.194953 0.194953
3631.891357 0.000000 3225.198975 0.000000 0.782988 0.000000 0.622037 0.184213 0.184213 0.184213
3621.773926 0.000000 3241.038330 0.000000 0.981886 0.000000 0.189473 0.198786 0.198786 0.198786
3599.096924 0.000000 3237.463623 0.000000 0.202123 0.000000 0.979360 0.165575 0.165575 0.165575
3624.114258 0.000000 3230.136475 0.000000 0.280777 0.000000 0.959773 0.191812 0.191812 0.191812
3593.310547 0.000000 3241.141113 0.000000 0.730018 0.000000 0.683428 0.190835 0.190835 0.190835
3628.544922 0.000000 3244.238525 0.000000 0.984470 0.000000 0.175554 0.187735 0.187735 0.187735
3635.538086 0.000000 3225.862061 0.000000 0.838683 0.000000 -0.544620 0.203667 0.203667 0.203667
3620.628418 0.000000 3246.400879 0.000000 0.495984 0.000000 0.868332 0.193304 0.193304 0.193304
3600.800293 0.000000 3261.347900 0.000000 0.384510 0.000000 0.923121 0.184424 0.184424 0.184424
3630.016357 0.000000 3250.687988 0.000000 0.687507 0.000000 0.726178 0.185548 0.185548 0.185548
3621.188477 0.000000 3240.318848 0.000000 0.642479 0.000000 0.766303 0.194442 0.194442 0.194442
3595.904541 0.000000 3245.539307 0.000000 0.581656 0.000000 0.813435 0.193952 0.193952 0.193952
3604.889404 0.000000 3263.605469 0.000000 0.188436 0.000000 0.982085 0.184780 0.184780 0.184780
3640.719971 0.000000 3220.609375 0.000000 0.547392 0.000000 0.836876 0.193688 0.193688 0.193688
3614.411865 0.000000 3227.811279 0.000000 0.819632 0.000000 -0.572891 0.198173 0.198173 0.198173
3635.694824 0.000000 3261.016846 0.000000 0.962498 0.000000 0.271288 0.198251 0.198251 0.198251
3633.833008 0.000000 3225.966064 0.000000 0.375299 0.000000 0.926904 0.192449 0.192449 0.192449
3636.948730 0.000000 3221.645508 0.000000 0.999835 0.000000 -0.018151 0.200116 0.200116 0.200116
3594.180664 0.000000 3245.645264 0.000000 0.291030 0.000000 0.956714 0.191880 0.191880 0.191880
3635.254639 0.000000 3224.892822 0.000000 0.885864 0.000000 -0.463946 0.203071 0.203071 0.203071
3634.812256 0.000000 3260.471191 0.000000 0.970713 0.000000 0.240244 0.198455 0.198455 0.198455
3601.827881 0.000000 3248.642334 0.000000 0.543002 0.000000 0.839732 0.193654 0.193654 0.193654
3655.674561 0.000000 3243.555420 0.000000 0.942021 0.000000 -0.335554 0.103071 0.103071 0.103071
3651.589111 0.000000 3231.991699 0.000000 0.496165 0.000000 0.868228 0.105587 0.105587 0.105587
3662.716309 0.000000 3229.343018 0.000000 0.984651 0.000000 -0.174537 0.100558 0.100558 0.100558
3655.651123 0.000000 3237.096680 0.000000 0.985181 0.000000 0.171517 0.105301 0.105301 0.105301
3657.163818 0.000000 3258.910156 0.000000 0.332433 0.000000 0.943127 0.096079 0.096079 0.096079
3702.872314 0.000000 3265.943848 0.000000 0.634355 0.000000 0.773042 0.097187 0.097187 0.097187
3695.365234 0.000000 3250.413086 0.000000 0.996588 0.000000 0.082541 0.115661 0.115661 0.115661
3655.290527 0.000000 3262.454590 0.000000 0.981508 0.000000 -0.191423 0.100613 0.100613 0.100613
3704.579102 0.000000 3268.771729 0.000000 0.095104 0.000000 0.995467 0.113723 0.113723 0.113723
3665.653076 0.000000 3228.078857 0.000000 0.982532 0.000000 -0.186092 0.106513 0.106513 0.106513
3661.152832 0.000000 3264.840332 0.000000 0.996361 0.000000 0.085232 0.127384 0.127384 0.127384
3696.015381 0.000000 3247.390869 0.000000 0.197027 0.000000 0.980398 0.103400 0.103400 0.103400
3708.718994 0.000000 3260.840820 0.000000 0.576967 0.000000 0.816767 0.113525 0.113525 0.113525
3684.101074 0.000000 3267.470703 0.000000 0.613118 0.000000 0.789991 0.128924 0.128924 0.128924
3690.478760 0.000000 3245.346436 0.000000 0.089416 0.000000 0.995994 0.123844 0.123844 0.123844
3652.637939 0.000000 3238.182129 0.000000 0.843130 0.000000 -0.537709 0.140306 0.140306 0.140306
3663.571045 0.000000 3226.221924 0.000000 0.986687 0.000000 0.162628 0.122608 0.122608 0.122608
3657.639893 0.000000 3252.836426 0.000000 0.262419 0.000000 0.964954 0.106316 0.106316 0.106316
3655.561523 0.000000 3270.583252 0.000000 0.981863 0.000000 -0.189591 0.143725 0.143725 0.143725
3662.936279 0.000000 3266.181396 0.000000 0.999787 0.000000 -0.020639 0.113800 0.113800 0.113800
3659.567871 0.000000 3259.762695 0.000000 0.871437 0.000000 -0.490508 0.121275 0.121275 0.121275
3688.507812 0.000000 3244.031738 0.000000 0.728825 0.000000 0.684700 0.104981 0.104981 0.104981
3652.386230 0.000000 3230.026367 0.000000 0.999874 0.000000 0.015862 0.121507 0.121507 0.121507
3653.476562 0.000000 3270.887695 0.000000 0.202554 0.000000 0.979271 0.111993 0.111993 0.111993
3697.818848 0.000000 3246.357178 0.000000 0.835919 0.000000 -0.548853 0.110123 0.110123 0.110123
3709.048584 0.000000 3258.874756 0.000000 0.066507 0.000000 0.997786 0.111481 0.111481 0.111481
3659.577393 0.000000 3263.630615 0.000000 0.841182 0.000000 0.540752 0.117158 0.117158 0.117158
3684.845703 0.000000 3265.589355 0.000000 0.930377 0.000000 -0.366604 0.119620 0.119620 0.119620
3659.020752 0.000000 3230.851562 0.000000 0.853502 0.000000 0.521089 0.131557 0.131557 0.131557
3707.123047 0.000000 3259.035645 0.000000 0.287708 0.000000 0.957718 0.113395 0.113395 0.113395
3654.483887 0.000000 3238.541748 0.000000 0.935473 0.000000 -0.353399 0.117866 0.117866 0.117866
3655.854248 0.000000 3230.357422 0.000000 0.826560 0.000000 0.562849 0.142886 0.142886 0.142886
3691.434082 0.000000 3248.699463 0.000000 0.992690 0.000000 -0.120695 0.122599 0.122599 0.122599
3689.028320 0.000000 3246.316162 0.000000 0.157814 0.000000 0.987469 0.151951 0.151951 0.151951
3704.254883 0.000000 3266.991699 0.000000 0.118509 0.000000 0.992953 0.120225 0.120225 0.120225
3705.390381 0.000000 3262.016602 0.000000 0.902080 0.000000 -0.431569 0.136364 0.136364 0.136364
3665.197510 0.000000 3226.402588 0.000000 0.984233 0.000000 -0.176876 0.154370 0.154370 0.154370
3654.203369 0.000000 3256.904541 0.000000 0.052734 0.000000 0.998609 0.145551 0.145551 0.145551
3694.407715 0.000000 3246.779297 0.000000 0.533160 0.000000 0.846015 0.117666 0.117666 0.117666
3701.526611 0.000000 3253.544922 0.000000 0.237258 0.000000 0.971447 0.156117 0.156117 0.156117
3656.076660 0.000000 3269.048828 0.000000 0.049533 0.000000 0.998773 0.149800 0.149800 0.149800
3685.666260 0.000000 3267.445312 0.000000 0.838845 0.000000 -0.544370 0.135206 0.135206 0.135206
3658.104736 0.000000 3266.700195 0.000000 0.971154 0.000000 0.238453 0.143986 0.143986 0.143986
3698.992432 0.000000 3249.015381 0.000000 0.961543 0.000000 0.274654 0.124934 0.124934 0.124934
3662.478760 0.000000 3264.090088 0.000000 0.997324 0.000000 -0.073109 0.131398 0.131398 0.131398
3693.321289 0.000000 3258.092285 0.000000 0.542374 0.000000 0.840137 0.163273 0.163273 0.163273
3691.861084 0.000000 3244.915527 0.000000 0.215031 0.000000 0.976607 0.124370 0.124370 0.124370
3655.945557 0.000000 3272.015381 0.000000 0.111588 0.000000 0.993755 0.131949 0.131949 0.131949
3705.142822 0.000000 3263.387939 0.000000 0.966993 0.000000 0.254801 0.133351 0.133351 0.133351
3700.189697 0.000000 3253.683594 0.000000 0.997425 0.000000 -0.071712 0.163398 0.163398 0.163398
3701.027100 0.000000 3251.126465 0.000000 0.990827 0.000000 0.135135 0.139452 0.139452 0.139452
3703.150146 0.000000 3267.692139 0.000000 0.964947 0.000000 -0.262445 0.153669 0.153669 0.153669
3651.570068 0.000000 3233.253662 0.000000 0.924655 0.000000 -0.380807 0.187740 0.187740 0.187740
3654.265137 0.000000 3232.762939 0.000000 0.994547 0.000000 0.104292 0.179792 0.179792 0.179792
3705.995117 0.000000 3258.774658 0.000000 0.043507 0.000000 0.999053 0.186546 0.186546 0.186546
3704.208740 0.000000 3258.012207 0.000000 0.319215 0.000000 0.947682 0.188302 0.188302 0.188302
3704.056152 0.000000 3254.215576 0.000000 0.847501 0.000000 0.530793 0.169476 0.169476 0.169476
3705.517090 0.000000 3256.512695 0.000000 0.879038 0.000000 -0.476751 0.191782 0.191782 0.191782
3657.447998 0.000000 3232.727295 0.000000 0.925886 0.000000 0.377804 0.154375 0.154375 0.154375
3702.006836 0.000000 3256.121094 0.000000 0.978056 0.000000 0.208344 0.163049 0.163049 0.163049
3690.868164 0.000000 3247.745361 0.000000 0.955253 0.000000 -0.295789 0.201912 0.201912 0.201912
3660.609131 0.000000 3267.621094 0.000000 0.593466 0.000000 0.804859 0.165237 0.165237 0.165237
3659.038818 0.000000 3264.618652 0.000000 0.999987 0.000000 -0.005018 0.196110 0.196110 0.196110
3700.645020 0.000000 3254.678467 0.000000 0.960166 0.000000 0.279430 0.164331 0.164331 0.164331
3705.621094 0.000000 3255.251465 0.000000 0.647664 0.000000 0.761926 0.167791 0.167791 0.167791
3695.754150 0.000000 3249.498779 0.000000 0.092137 0.000000 0.995746 0.190587 0.190587 0.190587
3658.654785 0.000000 3265.901855 0.000000 0.835360 0.000000 0.549703 0.192446 0.192446 0.192446
3658.726807 0.000000 3257.720459 0.000000 0.999981 0.000000 0.006158 0.188198 0.188198 0.188198
3655.653076 0.000000 3233.252930 0.000000 0.881194 0.000000 -0.472755 0.183220 0.183220 0.183220
3652.935303 0.000000 3242.596436 0.000000 0.991609 0.000000 0.129277 0.199175 0.199175 0.199175
3658.203369 0.000000 3256.173584 0.000000 0.850939 0.000000 -0.525265 0.191549 0.191549 0.191549
3694.166504 0.000000 3248.994629 0.000000 0.632709 0.000000 0.774390 0.194361 0.194361 0.194361
3694.706055 0.000000 3249.728760 0.000000 0.843557 0.000000 0.537040 0.196391 0.196391 0.196391
3697.905762 0.000000 3251.170410 0.000000 0.957061 0.000000 -0.289886 0.201872 0.201872 0.201872
3696.134521 0.000000 3250.864014 0.000000 0.999883 0.000000 0.015299 0.199903 0.199903 0.199903
3691.357422 0.000000 3258.513672 0.000000 0.988958 0.000000 0.148196 0.199053 0.199053 0.199053
3691.623779 0.000000 3259.971436 0.000000 0.369053 0.000000 0.929408 0.192406 0.192406 0.192406
3690.807617 0.000000 3259.187500 0.000000 0.998834 0.000000 -0.048276 0.200307 0.200307 0.200307
3745.639404 0.000000 3249.646973 0.000000 0.926205 0.000000 -0.377021 0.121930 0.121930 0.121930
3757.233887 0.000000 3245.506592 0.000000 0.078775 0.000000 0.996892 0.095251 0.095251 0.095251
3759.365234 0.000000 3250.413086 0.000000 0.782987 0.000000 0.622038 0.097863 0.097863 0.097863
3745.638184 0.000000 3266.377930 0.000000 0.276982 0.000000 0.960875 0.106369 0.106369 0.106369
3715.856934 0.000000 3269.681396 0.000000 0.628631 0.000000 0.777703 0.118665 0.118665 0.118665
3753.927490 0.000000 3264.342529 0.000000 0.718138 0.000000 0.695901 0.115858 0.115858 0.115858
3738.772217 0.000000 3269.519775 0.000000 0.465543 0.000000 0.885025 0.122232 0.122232 0.122232
3765.610352 0.000000 3255.102295 0.000000 0.918404 0.000000 -0.395644 0.132222 0.132222 0.132222
3762.616699 0.000000 3265.662598 0.000000 0.710702 0.000000 0.703493 0.101067 0.101067 0.101067
3756.193604 0.000000 3240.553955 0.000000 0.956215 0.000000 0.292666 0.107101 0.107101 0.107101
3758.630859 0.000000 3243.385986 0.000000 0.994417 0.000000 -0.105518 0.118605 0.118605 0.118605
3763.473145 0.000000 3259.987305 0.000000 0.887205 0.000000 0.461375 0.117506 0.117506 0.117506
3751.437012 0.000000 3246.991211 0.000000 0.910234 0.000000 0.414094 0.106654 0.106654 0.106654
3748.267090 0.000000 3244.500000 0.000000 0.945873 0.000000 0.324537 0.123616 0.123616 0.123616
3743.860107 0.000000 3267.442871 0.000000 0.820653 0.000000 -0.571427 0.124493 0.124493 0.124493
3752.666260 0.000000 3265.931885 0.000000 0.989026 0.000000 -0.147744 0.119328 0.119328 0.119328
3753.461914 0.000000 3275.208984 0.000000 0.663198 0.000000 0.748444 0.130834 0.130834 0.130834
3739.270508 0.000000 3271.355713 0.000000 0.979366 0.000000 -0.202093 0.138144 0.138144 0.138144
3750.151855 0.000000 3259.933105 0.000000 0.689322 0.000000 0.724455 0.138627 0.138627 0.138627
3716.837402 0.000000 3267.849121 0.000000 0.990658 0.000000 0.136367 0.136099 0.136099 0.136099
3754.718262 0.000000 3266.108398 0.000000 0.961564 0.000000 -0.274580 0.145818 0.145818 0.145818
3736.941406 0.000000 3269.837158 0.000000 0.845048 0.000000 -0.534690 0.117479 0.117479 0.117479
3762.704590 0.000000 3267.533447 0.000000 0.922877 0.000000 -0.385094 0.121964 0.121964 0.121964
3762.333252 0.000000 3258.545898 0.000000 0.218771 0.000000 0.975776 0.114199 0.114199 0.114199
3738.534668 0.000000 3274.404785 0.000000 0.769535 0.000000 0.638605 0.136420 0.136420 0.136420
3756.260742 0.000000 3260.542725 0.000000 0.221200 0.000000 0.975229 0.126541 0.126541 0.126541
3749.219971 0.000000 3243.188721 0.000000 0.894047 0.000000 -0.447973 0.123935 0.123935 0.123935
3746.717041 0.000000 3244.972412 0.000000 0.335621 0.000000 0.941997 0.124351 0.124351 0.124351
3758.407715 0.000000 3246.779297 0.000000 0.846505 0.000000 -0.532381 0.155104 0.155104 0.155104
3715.034668 0.000000 3273.767822 0.000000 0.903697 0.000000 -0.428172 0.128394 0.128394 0.128394
3745.783936 0.000000 3263.173584 0.000000 0.480799 0.000000 0.876831 0.121760 0.121760 0.121760
3737.614014 0.000000 3271.344971 0.000000 0.998718 0.000000 -0.050611 0.134109 0.134109 0.134109
3751.754639 0.000000 3245.517822 0.000000 0.900666 0.000000 -0.434512 0.164790 0.164790 0.164790
3754.734131 0.000000 3267.623535 0.000000 0.933025 0.000000 -0.359811 0.146231 0.146231 0.146231
3744.238770 0.000000 3273.147705 0.000000 0.995565 0.000000 -0.094073 0.138790 0.138790 0.138790
3741.699463 0.000000 3275.212891 0.000000 0.904318 0.000000 0.426859 0.146375 0.146375 0.146375
3755.314453 0.000000 3264.794678 0.000000 0.662007 0.000000 0.749497 0.130282 0.130282 0.130282
3747.060059 0.000000 3273.604248 0.000000 0.969450 0.000000 0.245290 0.138395 0.138395 0.138395
3755.522217 0.000000 3261.713135 0.000000 0.977133 0.000000 -0.212629 0.171470 0.171470 0.171470
3760.909180 0.000000 3262.656494 0.000000 0.578948 0.000000 0.815364 0.152103 0.152103 0.152103
3752.307861 0.000000 3251.201904 0.000000 0.949287 0.000000 0.314411 0.146948 0.146948 0.146948
3744.531982 0.000000 3242.797119 0.000000 0.827790 0.000000 0.561038 0.148942 0.148942 0.148942
3719.451660 0.000000 3267.327148 0.000000 0.697305 0.000000 0.716775 0.144137 0.144137 0.144137
3746.075439 0.000000 3250.870605 0.000000 0.639672 0.000000 0.768648 0.175903 0.175903 0.175903
3716.024170 0.000000 3266.660645 0.000000 0.689188 0.000000 0.724582 0.133168 0.133168 0.133168
3762.554443 0.000000 3256.853516 0.000000 0.212187 0.000000 0.977229 0.160808 0.160808 0.160808
3738.048096 0.000000 3266.136475 0.000000 0.759440 0.000000 0.650577 0.168111 0.168111 0.168111
3757.009277 0.000000 3246.770752 0.000000 0.058547 0.000000 0.998285 0.133848 0.133848 0.133848
3739.975342 0.000000 3266.655029 0.000000 0.913561 0.000000 0.406703 0.169696 0.169696 0.169696
3747.721191 0.000000 3264.807373 0.000000 0.650875 0.000000 0.759185 0.154738 0.154738 0.154738
3747.081299 0.000000 3262.940186 0.000000 0.877620 0.000000 0.479357 0.188548 0.188548 0.188548
3761.451660 0.000000 3265.304443 0.000000 0.933387 0.000000 0.358870 0.173855 0.173855 0.173855
3764.749023 0.000000 3257.918457 0.000000 0.931040 0.000000 0.364918 0.194301 0.194301 0.194301
3742.740479 0.000000 3245.833496 0.000000 0.139371 0.000000 0.990240 0.177523 0.177523 0.177523
3754.433350 0.000000 3261.051758 0.000000 0.044246 0.000000 0.999021 0.162033 0.162033 0.162033
3741.472900 0.000000 3261.785156 0.000000 0.653649 0.000000 0.756798 0.182002 0.182002 0.182002
3740.595215 0.000000 3260.238281 0.000000 0.397553 0.000000 0.917579 0.180194 0.180194 0.180194
3758.488281 0.000000 3244.473877 0.000000 0.918387 0.000000 -0.395684 0.202590 0.202590 0.202590
3757.105713 0.000000 3250.695068 0.000000 0.283980 0.000000 0.958830 0.188072 0.188072 0.188072
3741.504883 0.000000 3260.667969 0.000000 0.993832 0.000000 -0.110897 0.187777 0.187777 0.187777
3746.680176 0.000000 3274.598633 0.000000 0.182149 0.000000 0.983271 0.181527 0.181527 0.181527
3745.564209 0.000000 3264.164551 0.000000 0.086619 0.000000 0.996242 0.179343 0.179343 0.179343
3758.249512 0.000000 3245.812500 0.000000 0.828911 0.000000 0.559380 0.196221 0.196221 0.196221
3746.153320 0.000000 3262.263184 0.000000 0.992747 0.000000 0.120223 0.190862 0.190862 0.190862
3746.769043 0.000000 3250.181885 0.000000 0.388187 0.000000 0.921580 0.174201 0.174201 0.174201
3742.146484 0.000000 3251.946777 0.000000 0.421389 0.000000 0.906880 0.184130 0.184130 0.184130
3754.156738 0.000000 3251.264160 0.000000 0.999997 0.000000 -0.002232 0.183206 0.183206 0.183206
3752.987061 0.000000 3263.902344 0.000000 0.956651 0.000000 0.291237 0.194789 0.194789 0.194789
3743.766357 0.000000 3251.392578 0.000000 0.809118 0.000000 -0.587646 0.194856 0.194856 0.194856
3751.311279 0.000000 3260.395020 0.000000 0.869455 0.000000 0.494012 0.196711 0.196711 0.196711
3738.373291 0.000000 3265.230225 0.000000 0.845533 0.000000 0.533923 0.196414 0.196414 0.196414
3716.128662 0.000000 3265.279785 0.000000 0.002768 0.000000 0.999996 0.180969 0.180969 0.180969
3751.598145 0.000000 3263.156250 0.000000 0.835424 0.000000 0.549606 0.196296 0.196296 0.196296
3751.903076 0.000000 3262.287109 0.000000 0.981255 0.000000 0.192715 0.198765 0.198765 0.198765
3756.260010 0.000000 3262.432129 0.000000 0.937486 0.000000 0.348023 0.197737 0.197737 0.197737
3764.507324 0.000000 3257.041016 0.000000 0.795115 0.000000 0.606458 0.192560 0.192560 0.192560
3757.703125 0.000000 3262.632568 0.000000 0.725431 0.000000 0.688295 0.195167 0.195167 0.195167
3739.061279 0.000000 3251.095947 0.000000 0.092195 0.000000 0.995741 0.186317 0.186317 0.186317
3758.923584 0.000000 3262.993896 0.000000 0.857761 0.000000 -0.514049 0.203437 0.203437 0.203437
3750.306885 0.000000 3263.116211 0.000000 0.455361 0.000000 0.890307 0.193010 0.193010 0.193010
3592.096436 0.000000 3278.278809 0.000000 0.865585 0.000000 0.500763 0.108522 0.108522 0.108522
3594.859131 0.000000 3283.622314 0.000000 0.519882 0.000000 0.854238 0.149582 0.149582 0.149582
3594.391357 0.000000 3281.646240 0.000000 0.886668 0.000000 -0.462406 0.187703 0.187703 0.187703
3590.658936 0.000000 3276.133789 0.000000 0.999554 0.000000 -0.029880 0.185611 0.185611 0.185611
3594.836426 0.000000 3280.703369 0.000000 0.370060 0.000000 0.929008 0.177861 0.177861 0.177861
3595.115234 0.000000 3278.956055 0.000000 0.601463 0.000000 0.798900 0.189759 0.189759 0.189759
3591.321777 0.000000 3277.524170 0.000000 0.864147 0.000000 0.503240 0.182321 0.182321 0.182321
3726.716309 0.000000 3285.827393 0.000000 0.474140 0.000000 0.880450 0.105499 0.105499 0.105499
3734.003418 0.000000 3289.796143 0.000000 0.973192 0.000000 -0.229994 0.100739 0.100739 0.100739
3716.014893 0.000000 3282.180908 0.000000 0.930529 0.000000 0.366217 0.134510 0.134510 0.134510
3738.002197 0.000000 3290.129150 0.000000 0.999911 0.000000 -0.013357 0.121060 0.121060 0.121060
3743.881836 0.000000 3278.743164 0.000000 0.989585 0.000000 -0.143949 0.105806 0.105806 0.105806
3727.571045 0.000000 3282.706299 0.000000 0.694189 0.000000 0.719793 0.108633 0.108633 0.108633
3712.060303 0.000000 3284.342041 0.000000 0.999932 0.000000 -0.011694 0.138987 0.138987 0.138987
3722.587402 0.000000 3289.374023 0.000000 0.999541 0.000000 -0.030287 0.116078 0.116078 0.116078
3715.807373 0.000000 3283.895508 0.000000 0.965413 0.000000 -0.260725 0.155920 0.155920 0.155920
3738.746094 0.000000 3276.120850 0.000000 0.573545 0.000000 0.819174 0.150983 0.150983 0.150983
3717.442627 0.000000 3283.033936 0.000000 0.819742 0.000000 -0.572733 0.138777 0.138777 0.138777
3735.267578 0.000000 3290.295898 0.000000 0.972115 0.000000 -0.234504 0.177800 0.177800 0.177800
3712.082764 0.000000 3287.874023 0.000000 0.545057 0.000000 0.838399 0.147015 0.147015 0.147015
3714.810303 0.000000 3282.534180 0.000000 0.834912 0.000000 -0.550384 0.157490 0.157490 0.157490
3737.135010 0.000000 3288.834473 0.000000 0.903909 0.000000 -0.427725 0.202814 0.202814 0.202814
3725.854248 0.000000 3288.461182 0.000000 0.153258 0.000000 0.988186 0.186700 0.186700 0.186700
3734.291260 0.000000 3290.938477 0.000000 0.868205 0.000000 -0.496206 0.179387 0.179387 0.179387
3723.722656 0.000000 3286.432617 0.000000 0.817732 0.000000 -0.575599 0.187341 0.187341 0.187341
3724.104736 0.000000 3287.489258 0.000000 0.815640 0.000000 -0.578560 0.203928 0.203928 0.203928
3725.643799 0.000000 3285.982422 0.000000 0.937640 0.000000 -0.347607 0.201694 0.201694 0.201694
3725.107910 0.000000 3287.742676 0.000000 0.993869 0.000000 -0.110564 0.200705 0.200705 0.200705
3724.431885 0.000000 3285.726807 0.000000 0.976698 0.000000 -0.214617 0.200813 0.200813 0.200813
3722.651123 0.000000 3286.370605 0.000000 0.865714 0.000000 -0.500539 0.186820 0.186820 0.186820
3724.760254 0.000000 3289.521973 0.000000 0.909572 0.000000 0.415547 0.192851 0.192851 0.192851
3736.346191 0.000000 3291.597168 0.000000 0.957502 0.000000 -0.288427 0.201863 0.201863 0.201863
3739.207520 0.000000 3280.873779 0.000000 0.855782 0.000000 0.517336 0.175618 0.175618 0.175618
4259.373047 0.000000 3020.615234 0.000000 0.836024 0.000000 -0.548693 0.112404 0.112404 0.112404
4262.985352 0.000000 3025.536377 0.000000 0.657248 0.000000 0.753675 0.137340 0.137340 0.137340
4256.505859 0.000000 3038.329590 0.000000 0.967706 0.000000 0.252083 0.115581 0.115581 0.115581
4254.635254 0.000000 3038.235107 0.000000 0.982631 0.000000 -0.185573 0.145397 0.145397 0.145397
4254.239746 0.000000 3041.853760 0.000000 0.946764 0.000000 0.321929 0.169086 0.169086 0.169086
4257.146973 0.000000 3041.605225 0.000000 0.991402 0.000000 -0.130851 0.141204 0.141204 0.141204
4260.245605 0.000000 3021.302734 0.000000 0.964254 0.000000 0.264980 0.178297 0.178297 0.178297
4254.839844 0.000000 3040.973389 0.000000 0.999466 0.000000 -0.032680 0.171046 0.171046 0.171046
4268.817383 0.000000 3059.682129 0.000000 0.824085 0.000000 0.566466 0.121436 0.121436 0.121436
4271.681152 0.000000 3053.058105 0.000000 0.064870 0.000000 0.997894 0.096007 0.096007 0.096007
4264.628906 0.000000 3056.296631 0.000000 0.485779 0.000000 0.874082 0.138021 0.138021 0.138021
4267.041992 0.000000 3059.027100 0.000000 0.999874 0.000000 0.015876 0.118148 0.118148 0.118148
4267.779785 0.000000 3055.137695 0.000000 0.994865 0.000000 -0.101213 0.133202 0.133202 0.133202
4263.815430 0.000000 3059.709961 0.000000 0.812754 0.000000 -0.582606 0.127974 0.127974 0.127974
4266.243164 0.000000 3056.041260 0.000000 0.814938 0.000000 -0.579549 0.164519 0.164519 0.164519
4265.112793 0.000000 3060.593994 0.000000 0.917227 0.000000 0.398366 0.139888 0.139888 0.139888
4268.527832 0.000000 3058.139893 0.000000 0.843824 0.000000 0.536619 0.121577 0.121577 0.121577
4271.227539 0.000000 3051.675537 0.000000 0.995608 0.000000 -0.093621 0.127550 0.127550 0.127550
4266.270996 0.000000 3057.647949 0.000000 0.014564 0.000000 0.999894 0.153352 0.153352 0.153352
4269.066406 0.000000 3055.754639 0.000000 0.877435 0.000000 0.479695 0.172006 0.172006 0.172006
4269.949707 0.000000 3055.222412 0.000000 0.672021 0.000000 0.740532 0.170151 0.170151 0.170151
4268.436035 0.000000 3052.645996 0.000000 0.910494 0.000000 -0.413522 0.202714 0.202714 0.202714
4269.917969 0.000000 3053.528076 0.000000 0.472691 0.000000 0.881228 0.193134 0.193134 0.193134
4269.051758 0.000000 3053.531982 0.000000 0.594609 0.000000 0.804015 0.194054 0.194054 0.194054
4340.885254 0.000000 3214.876221 0.000000 0.946409 0.000000 -0.322972 0.105859 0.105859 0.105859
4338.616699 0.000000 3209.178223 0.000000 0.965572 0.000000 -0.260136 0.102250 0.102250 0.102250
4334.877930 0.000000 3216.548584 0.000000 0.992704 0.000000 -0.120578 0.127098 0.127098 0.127098
4338.704590 0.000000 3211.049072 0.000000 0.999893 0.000000 -0.014651 0.158617 0.158617 0.158617
4319.343262 0.000000 3206.261719 0.000000 0.783123 0.000000 0.621867 0.121713 0.121713 0.121713
4340.959961 0.000000 3213.184082 0.000000 0.672424 0.000000 0.740167 0.113981 0.113981 0.113981
4318.635254 0.000000 3207.688232 0.000000 0.909031 0.000000 0.416729 0.122668 0.122668 0.122668
4333.061035 0.000000 3212.067871 0.000000 0.797746 0.000000 0.602994 0.156374 0.156374 0.156374
4336.308105 0.000000 3216.988770 0.000000 0.804293 0.000000 0.594233 0.132828 0.132828 0.132828
4333.661621 0.000000 3213.380371 0.000000 0.999980 0.000000 0.006261 0.159632 0.159632 0.159632
4338.359863 0.000000 3214.872070 0.000000 0.715642 0.000000 0.698467 0.164477 0.164477 0.164477
4339.676270 0.000000 3214.437500 0.000000 0.994876 0.000000 -0.101106 0.169171 0.169171 0.169171
4339.604980 0.000000 3210.084473 0.000000 0.958598 0.000000 0.284762 0.157086 0.157086 0.157086
4325.938965 0.000000 3198.526367 0.000000 0.620129 0.000000 0.784500 0.194258 0.194258 0.194258
4335.754395 0.000000 3211.839111 0.000000 0.289999 0.000000 0.957027 0.184886 0.184886 0.184886
4325.766602 0.000000 3200.931885 0.000000 0.936159 0.000000 0.351577 0.160607 0.160607 0.160607
4338.142090 0.000000 3212.037354 0.000000 0.996972 0.000000 0.077766 0.195034 0.195034 0.195034
4337.185059 0.000000 3214.984131 0.000000 0.814673 0.000000 0.579921 0.196062 0.196062 0.196062
4336.439941 0.000000 3212.714355 0.000000 0.849983 0.000000 -0.526809 0.203532 0.203532 0.203532
4324.104492 0.000000 3198.369629 0.000000 0.836672 0.000000 0.547704 0.196310 0.196310 0.196310
4336.476562 0.000000 3210.958008 0.000000 0.842259 0.000000 -0.539073 0.203625 0.203625 0.203625
4337.625000 0.000000 3214.041748 0.000000 0.721849 0.000000 0.692051 0.195134 0.195134 0.195134
4337.757324 0.000000 3211.123291 0.000000 0.369392 0.000000 0.929273 0.192409 0.192409 0.192409
4334.665527 0.000000 3213.592285 0.000000 0.774589 0.000000 0.632465 0.195641 0.195641 0.195641
4334.537109 0.000000 3210.594971 0.000000 0.995227 0.000000 0.097587 0.192117 0.192117 0.192117
4294.598633 0.000000 3198.319580 0.000000 0.858471 0.000000 0.512862 0.196572 0.196572 0.196572
4334.721191 0.000000 3212.691895 0.000000 0.971244 0.000000 0.238088 0.198470 0.198470 0.198470
4295.418945 0.000000 3198.630859 0.000000 0.999065 0.000000 0.043244 0.199725 0.199725 0.199725
"}
object={
	name="bush_01_generator_2_1"
	clamp_to_water_level=no
	render_under_water=no
	generated_content=yes
	layer="semidynamic_high"
	pdxmesh="tree_bush_02_mesh"
	count=308
	transform="2928.763672 0.000000 3202.931396 0.000000 0.663223 0.000000 -0.748422 0.107582 0.107582 0.107582
2930.095459 0.000000 3203.461914 0.000000 0.381823 0.000000 -0.924235 0.181350 0.181350 0.181350
2928.565186 0.000000 3201.687988 0.000000 0.609058 0.000000 -0.793126 0.170661 0.170661 0.170661
2914.074463 0.000000 3225.129150 0.000000 0.109397 0.000000 -0.993998 0.128982 0.128982 0.128982
2934.755859 0.000000 3245.704834 0.000000 0.542241 0.000000 -0.840223 0.128319 0.128319 0.128319
2924.304199 0.000000 3243.308838 0.000000 0.560259 0.000000 -0.828317 0.121880 0.121880 0.121880
2927.143311 0.000000 3245.286865 0.000000 0.159737 0.000000 -0.987160 0.119416 0.119416 0.119416
2934.093750 0.000000 3243.876709 0.000000 0.387647 0.000000 -0.921808 0.130756 0.130756 0.130756
2915.859863 0.000000 3225.291748 0.000000 0.578303 0.000000 -0.815822 0.126993 0.126993 0.126993
2931.450439 0.000000 3272.448486 0.000000 0.780915 0.000000 -0.624638 0.133908 0.133908 0.133908
2935.532715 0.000000 3244.219238 0.000000 0.715541 0.000000 -0.698571 0.127431 0.127431 0.127431
2915.450684 0.000000 3228.270020 0.000000 0.352843 0.000000 -0.935683 0.136724 0.136724 0.136724
2923.041992 0.000000 3239.688232 0.000000 0.515307 0.000000 -0.857006 0.182253 0.182253 0.182253
2936.776367 0.000000 3246.452637 0.000000 0.716904 0.000000 -0.697172 0.157845 0.157845 0.157845
2927.419678 0.000000 3242.263672 0.000000 0.483309 0.000000 -0.875450 0.143072 0.143072 0.143072
2933.067139 0.000000 3272.812256 0.000000 0.351295 0.000000 -0.936265 0.140804 0.140804 0.140804
2936.262695 0.000000 3270.024414 0.000000 0.600384 0.000000 -0.799712 0.156876 0.156876 0.156876
2914.155762 0.000000 3239.162354 0.000000 0.602982 0.000000 -0.797755 0.188579 0.188579 0.188579
2933.369629 0.000000 3240.040527 0.000000 0.696909 0.000000 -0.717160 0.160856 0.160856 0.160856
2936.844238 0.000000 3271.139648 0.000000 0.706811 0.000000 -0.707403 0.156193 0.156193 0.156193
2917.004150 0.000000 3232.016113 0.000000 0.467848 0.000000 -0.883809 0.206901 0.206901 0.206901
2948.256348 0.000000 3218.640625 0.000000 0.161724 0.000000 -0.986836 0.141067 0.141067 0.141067
2956.231934 0.000000 3222.445801 0.000000 0.561796 0.000000 -0.827276 0.134003 0.134003 0.134003
2908.530762 0.000000 3317.768799 0.000000 0.492151 0.000000 -0.870510 0.136079 0.136079 0.136079
2897.270264 0.000000 3326.911377 0.000000 0.567825 0.000000 -0.823149 0.131085 0.131085 0.131085
2917.751709 0.000000 3326.627197 0.000000 0.247575 0.000000 -0.968869 0.167543 0.167543 0.167543
2909.439453 0.000000 3322.980469 0.000000 0.250724 0.000000 -0.968059 0.153517 0.153517 0.153517
2909.388428 0.000000 3325.284668 0.000000 0.733807 0.000000 -0.679358 0.176078 0.176078 0.176078
2906.048096 0.000000 3322.620850 0.000000 0.425836 0.000000 -0.904800 0.148000 0.148000 0.148000
2908.483643 0.000000 3319.029053 0.000000 0.770807 0.000000 -0.637068 0.163747 0.163747 0.163747
2919.593750 0.000000 3325.429688 0.000000 0.330138 0.000000 -0.943933 0.186898 0.186898 0.186898
2888.417236 0.000000 3326.483154 0.000000 0.656978 0.000000 -0.753910 0.184720 0.184720 0.184720
2909.975342 0.000000 3321.435791 0.000000 0.780760 0.000000 -0.624831 0.204297 0.204297 0.204297
2897.961426 0.000000 3328.333008 0.000000 0.806754 0.000000 -0.590888 0.204024 0.204024 0.204024
2899.890869 0.000000 3328.398682 0.000000 0.423549 0.000000 -0.905873 0.207216 0.207216 0.207216
2899.876465 0.000000 3329.395752 0.000000 0.599669 0.000000 -0.800248 0.205906 0.205906 0.205906
2899.274658 0.000000 3329.928223 0.000000 0.723946 0.000000 -0.689857 0.204847 0.204847 0.204847
2879.419434 0.000000 3354.450195 0.000000 0.329553 0.000000 -0.944137 0.112374 0.112374 0.112374
2932.600586 0.000000 3355.791992 0.000000 0.807476 0.000000 -0.589900 0.102008 0.102008 0.102008
2927.844482 0.000000 3339.688477 0.000000 0.357063 0.000000 -0.934080 0.126234 0.126234 0.126234
2937.614258 0.000000 3384.959229 0.000000 0.091676 0.000000 -0.995789 0.104708 0.104708 0.104708
2904.763672 0.000000 3363.309326 0.000000 0.414152 0.000000 -0.910208 0.134704 0.134704 0.134704
2880.205078 0.000000 3354.996826 0.000000 0.575002 0.000000 -0.818152 0.129318 0.129318 0.129318
2940.341309 0.000000 3385.745850 0.000000 0.206170 0.000000 -0.978516 0.116906 0.116906 0.116906
2891.910645 0.000000 3360.260986 0.000000 0.721885 0.000000 -0.692013 0.105015 0.105015 0.105015
2923.248291 0.000000 3365.404053 0.000000 0.081961 0.000000 -0.996636 0.132024 0.132024 0.132024
2881.541504 0.000000 3353.742188 0.000000 0.148658 0.000000 -0.988889 0.139367 0.139367 0.139367
2923.042236 0.000000 3341.448975 0.000000 0.115959 0.000000 -0.993254 0.117819 0.117819 0.117819
2918.210205 0.000000 3366.078125 0.000000 0.023132 0.000000 -0.999732 0.129909 0.129909 0.129909
2881.897461 0.000000 3355.369629 0.000000 0.374577 0.000000 -0.927196 0.130231 0.130231 0.130231
2925.449951 0.000000 3335.097656 0.000000 0.230780 0.000000 -0.973006 0.137843 0.137843 0.137843
2933.040771 0.000000 3361.225586 0.000000 0.646058 0.000000 -0.763288 0.132989 0.132989 0.132989
2937.095215 0.000000 3356.357666 0.000000 0.792781 0.000000 -0.609506 0.130396 0.130396 0.130396
2885.528809 0.000000 3361.916260 0.000000 0.767261 0.000000 -0.641334 0.127699 0.127699 0.127699
2897.973633 0.000000 3347.499512 0.000000 0.560575 0.000000 -0.828104 0.170977 0.170977 0.170977
2895.615479 0.000000 3361.332520 0.000000 0.090444 0.000000 -0.995902 0.167773 0.167773 0.167773
2924.179932 0.000000 3336.001221 0.000000 0.806592 0.000000 -0.591109 0.158306 0.158306 0.158306
2886.455566 0.000000 3360.483398 0.000000 0.804922 0.000000 -0.593381 0.154319 0.154319 0.154319
2929.868164 0.000000 3337.019287 0.000000 0.227252 0.000000 -0.973836 0.168234 0.168234 0.168234
2920.942383 0.000000 3336.010498 0.000000 0.028768 0.000000 -0.999586 0.149869 0.149869 0.149869
2922.238525 0.000000 3342.416992 0.000000 0.070854 0.000000 -0.997487 0.153199 0.153199 0.153199
2929.295410 0.000000 3356.339111 0.000000 0.258975 0.000000 -0.965884 0.165149 0.165149 0.165149
2926.801025 0.000000 3340.244629 0.000000 0.036551 0.000000 -0.999332 0.173925 0.173925 0.173925
2920.295898 0.000000 3367.840820 0.000000 0.674038 0.000000 -0.738697 0.205291 0.205291 0.205291
2890.729004 0.000000 3346.998047 0.000000 0.002058 0.000000 -0.999998 0.171166 0.171166 0.171166
2935.548096 0.000000 3371.904541 0.000000 0.762664 0.000000 -0.646794 0.176412 0.176412 0.176412
2934.544189 0.000000 3370.104248 0.000000 0.747311 0.000000 -0.664474 0.176541 0.176541 0.176541
2889.617432 0.000000 3359.257568 0.000000 0.712614 0.000000 -0.701557 0.169357 0.169357 0.169357
2929.407471 0.000000 3358.349854 0.000000 0.364849 0.000000 -0.931067 0.202388 0.202388 0.202388
2906.932373 0.000000 3379.626709 0.000000 0.269790 0.000000 -0.962919 0.206511 0.206511 0.206511
2934.581543 0.000000 3357.708984 0.000000 0.312234 0.000000 -0.950005 0.192249 0.192249 0.192249
2920.170410 0.000000 3335.399170 0.000000 0.513422 0.000000 -0.858136 0.200203 0.200203 0.200203
2934.652588 0.000000 3356.060791 0.000000 0.458474 0.000000 -0.888708 0.191315 0.191315 0.191315
2932.020264 0.000000 3359.262695 0.000000 0.551630 0.000000 -0.834089 0.203391 0.203391 0.203391
2938.802246 0.000000 3387.173096 0.000000 0.317767 0.000000 -0.948169 0.207941 0.207941 0.207941
2930.035645 0.000000 3356.855713 0.000000 0.632701 0.000000 -0.774396 0.205639 0.205639 0.205639
2931.945312 0.000000 3357.459473 0.000000 0.357910 0.000000 -0.933756 0.207670 0.207670 0.207670
2866.095459 0.000000 3429.399414 0.000000 0.520221 0.000000 -0.854032 0.146934 0.146934 0.146934
2857.663330 0.000000 3432.656494 0.000000 0.330597 0.000000 -0.943772 0.201451 0.201451 0.201451
2943.683594 0.000000 3402.103027 0.000000 0.555567 0.000000 -0.831472 0.103125 0.103125 0.103125
2935.430908 0.000000 3402.939453 0.000000 0.578038 0.000000 -0.816010 0.130457 0.130457 0.130457
2936.357666 0.000000 3397.409424 0.000000 0.418059 0.000000 -0.908420 0.109723 0.109723 0.109723
2931.473145 0.000000 3429.440430 0.000000 0.472324 0.000000 -0.881425 0.125743 0.125743 0.125743
2881.729736 0.000000 3421.654785 0.000000 0.430607 0.000000 -0.902540 0.139271 0.139271 0.139271
2898.458496 0.000000 3424.158447 0.000000 0.055649 0.000000 -0.998450 0.136827 0.136827 0.136827
2930.837158 0.000000 3430.738770 0.000000 0.579763 0.000000 -0.814785 0.178934 0.178934 0.178934
2930.104492 0.000000 3433.776123 0.000000 0.673469 0.000000 -0.739215 0.148940 0.148940 0.148940
2868.288330 0.000000 3466.376953 0.000000 0.205487 0.000000 -0.978660 0.128015 0.128015 0.128015
2870.526367 0.000000 3464.123047 0.000000 0.388034 0.000000 -0.921645 0.194678 0.194678 0.194678
2890.112305 0.000000 3463.700684 0.000000 0.561725 0.000000 -0.827324 0.106856 0.106856 0.106856
2936.713623 0.000000 3474.969971 0.000000 0.509020 0.000000 -0.860755 0.114006 0.114006 0.114006
2909.555176 0.000000 3453.520020 0.000000 0.505507 0.000000 -0.862823 0.171320 0.171320 0.171320
2925.661621 0.000000 3495.802246 0.000000 0.722103 0.000000 -0.691785 0.140593 0.140593 0.140593
2938.127686 0.000000 3470.139404 0.000000 0.753875 0.000000 -0.657018 0.175913 0.175913 0.175913
2908.488525 0.000000 3453.749268 0.000000 0.684842 0.000000 -0.728691 0.170136 0.170136 0.170136
2887.262695 0.000000 3462.017090 0.000000 0.333284 0.000000 -0.942827 0.193282 0.193282 0.193282
2886.729492 0.000000 3463.520752 0.000000 0.506151 0.000000 -0.862445 0.192152 0.192152 0.192152
2937.855469 0.000000 3473.977051 0.000000 0.202124 0.000000 -0.979360 0.208704 0.208704 0.208704
2947.459473 0.000000 3425.578857 0.000000 0.331958 0.000000 -0.943294 0.150790 0.150790 0.150790
2945.194336 0.000000 3398.336914 0.000000 0.256659 0.000000 -0.966502 0.143567 0.143567 0.143567
2946.320068 0.000000 3426.109619 0.000000 0.563938 0.000000 -0.825817 0.179618 0.179618 0.179618
3553.210693 0.000000 3269.052246 0.000000 0.039266 0.000000 -0.999229 0.118095 0.118095 0.118095
3552.008545 0.000000 3270.093750 0.000000 0.687518 0.000000 -0.726167 0.165519 0.165519 0.165519
3571.587158 0.000000 3283.740723 0.000000 0.530563 0.000000 -0.847646 0.191983 0.191983 0.191983
3634.281250 0.000000 3206.194092 0.000000 0.585181 0.000000 -0.810903 0.107915 0.107915 0.107915
3639.010986 0.000000 3218.077881 0.000000 0.477045 0.000000 -0.878879 0.103707 0.103707 0.103707
3605.436035 0.000000 3214.422852 0.000000 0.746929 0.000000 -0.664904 0.123237 0.123237 0.123237
3646.830811 0.000000 3210.360107 0.000000 0.167898 0.000000 -0.985804 0.125239 0.125239 0.125239
3644.341309 0.000000 3216.292725 0.000000 0.330877 0.000000 -0.943674 0.134493 0.134493 0.134493
3637.193359 0.000000 3202.459961 0.000000 0.669831 0.000000 -0.742514 0.151264 0.151264 0.151264
3632.864014 0.000000 3207.601074 0.000000 0.740514 0.000000 -0.672041 0.151942 0.151942 0.151942
3638.407227 0.000000 3216.160645 0.000000 0.531748 0.000000 -0.846903 0.119695 0.119695 0.119695
3632.736572 0.000000 3209.811768 0.000000 0.492781 0.000000 -0.870153 0.152868 0.152868 0.152868
3626.718262 0.000000 3209.624023 0.000000 0.742231 0.000000 -0.670144 0.146770 0.146770 0.146770
3633.177734 0.000000 3204.738281 0.000000 0.716402 0.000000 -0.697688 0.128001 0.128001 0.128001
3601.270264 0.000000 3213.942627 0.000000 0.166823 0.000000 -0.985987 0.142800 0.142800 0.142800
3626.936768 0.000000 3215.625244 0.000000 0.799812 0.000000 -0.600250 0.140639 0.140639 0.140639
3638.485107 0.000000 3202.827881 0.000000 0.807202 0.000000 -0.590276 0.139442 0.139442 0.139442
3597.261963 0.000000 3213.075439 0.000000 0.034744 0.000000 -0.999396 0.159244 0.159244 0.159244
3633.451660 0.000000 3208.820068 0.000000 0.273486 0.000000 -0.961876 0.153990 0.153990 0.153990
3647.464844 0.000000 3209.446045 0.000000 0.731816 0.000000 -0.681502 0.202479 0.202479 0.202479
3646.502197 0.000000 3208.009033 0.000000 0.599478 0.000000 -0.800391 0.203600 0.203600 0.203600
3600.603271 0.000000 3214.663086 0.000000 0.548479 0.000000 -0.836164 0.206304 0.206304 0.206304
3635.191650 0.000000 3218.315674 0.000000 0.755057 0.000000 -0.655660 0.185644 0.185644 0.185644
3601.961426 0.000000 3215.364258 0.000000 0.415886 0.000000 -0.909417 0.207269 0.207269 0.207269
3646.041016 0.000000 3209.817871 0.000000 0.627970 0.000000 -0.778238 0.203373 0.203373 0.203373
3603.890869 0.000000 3215.429932 0.000000 0.167640 0.000000 -0.985848 0.208928 0.208928 0.208928
3652.645020 0.000000 3207.738770 0.000000 0.239787 0.000000 -0.970826 0.169336 0.169336 0.169336
3649.508545 0.000000 3206.413574 0.000000 0.241884 0.000000 -0.970305 0.208445 0.208445 0.208445
3652.258545 0.000000 3206.646973 0.000000 0.555141 0.000000 -0.831756 0.167545 0.167545 0.167545
3650.463623 0.000000 3206.366943 0.000000 0.642149 0.000000 -0.766580 0.205561 0.205561 0.205561
3651.096191 0.000000 3204.946045 0.000000 0.504051 0.000000 -0.863674 0.206637 0.206637 0.206637
3598.124512 0.000000 3248.618164 0.000000 0.571187 0.000000 -0.820820 0.127027 0.127027 0.127027
3621.993652 0.000000 3249.172607 0.000000 0.755717 0.000000 -0.654898 0.118602 0.118602 0.118602
3607.759277 0.000000 3263.735107 0.000000 0.784317 0.000000 -0.620361 0.117292 0.117292 0.117292
3637.811279 0.000000 3260.908447 0.000000 0.730793 0.000000 -0.682599 0.128491 0.128491 0.128491
3593.888916 0.000000 3274.874512 0.000000 0.349689 0.000000 -0.936866 0.119282 0.119282 0.119282
3619.650879 0.000000 3242.551758 0.000000 0.507586 0.000000 -0.861601 0.103305 0.103305 0.103305
3626.549316 0.000000 3230.720703 0.000000 0.477550 0.000000 -0.878605 0.121086 0.121086 0.121086
3631.560791 0.000000 3262.373047 0.000000 0.495844 0.000000 -0.868411 0.113481 0.113481 0.113481
3600.003174 0.000000 3246.912109 0.000000 0.364066 0.000000 -0.931373 0.118063 0.118063 0.118063
3602.130127 0.000000 3264.702637 0.000000 0.732392 0.000000 -0.680884 0.119878 0.119878 0.119878
3627.536621 0.000000 3233.172363 0.000000 0.595781 0.000000 -0.803147 0.131523 0.131523 0.131523
3634.491943 0.000000 3243.249756 0.000000 0.369012 0.000000 -0.929425 0.116881 0.116881 0.116881
3633.177734 0.000000 3261.222656 0.000000 0.503946 0.000000 -0.863735 0.142968 0.142968 0.142968
3611.705566 0.000000 3259.648193 0.000000 0.501038 0.000000 -0.865425 0.141825 0.141825 0.141825
3622.213623 0.000000 3229.622559 0.000000 0.662149 0.000000 -0.749372 0.132326 0.132326 0.132326
3618.717041 0.000000 3244.972412 0.000000 0.185069 0.000000 -0.982726 0.163192 0.163192 0.163192
3642.833496 0.000000 3222.875000 0.000000 0.503166 0.000000 -0.864190 0.153391 0.153391 0.153391
3605.261719 0.000000 3266.770264 0.000000 0.650153 0.000000 -0.759803 0.137572 0.137572 0.137572
3621.208008 0.000000 3245.648682 0.000000 0.478867 0.000000 -0.877888 0.157578 0.157578 0.157578
3591.009521 0.000000 3241.249268 0.000000 0.023966 0.000000 -0.999713 0.155769 0.155769 0.155769
3611.110840 0.000000 3257.218750 0.000000 0.670709 0.000000 -0.741721 0.171963 0.171963 0.171963
3629.161133 0.000000 3230.327393 0.000000 0.065862 0.000000 -0.997829 0.196665 0.196665 0.196665
3630.152832 0.000000 3253.501709 0.000000 0.568734 0.000000 -0.822522 0.166305 0.166305 0.166305
3628.617432 0.000000 3232.585449 0.000000 0.288744 0.000000 -0.957406 0.173155 0.173155 0.173155
3633.219727 0.000000 3229.621338 0.000000 0.536792 0.000000 -0.843715 0.171705 0.171705 0.171705
3628.375000 0.000000 3247.894043 0.000000 0.538282 0.000000 -0.842765 0.163602 0.163602 0.163602
3595.246582 0.000000 3274.337402 0.000000 0.034872 0.000000 -0.999392 0.209778 0.209778 0.209778
3623.115967 0.000000 3231.940918 0.000000 0.779170 0.000000 -0.626813 0.172264 0.172264 0.172264
3633.624756 0.000000 3253.032959 0.000000 0.789020 0.000000 -0.614367 0.172751 0.172751 0.172751
3602.842041 0.000000 3234.984375 0.000000 0.235048 0.000000 -0.971984 0.208490 0.208490 0.208490
3624.083252 0.000000 3231.659668 0.000000 0.784124 0.000000 -0.620604 0.204262 0.204262 0.204262
3632.653320 0.000000 3227.262695 0.000000 0.623092 0.000000 -0.782149 0.205718 0.205718 0.205718
3631.497803 0.000000 3224.355225 0.000000 0.545614 0.000000 -0.838037 0.194189 0.194189 0.194189
3625.909180 0.000000 3231.360352 0.000000 0.439849 0.000000 -0.898072 0.207101 0.207101 0.207101
3601.157227 0.000000 3249.120117 0.000000 0.389313 0.000000 -0.921106 0.207454 0.207454 0.207454
3620.404053 0.000000 3241.913818 0.000000 0.060936 0.000000 -0.998142 0.209612 0.209612 0.209612
3603.377686 0.000000 3261.348389 0.000000 0.590854 0.000000 -0.806779 0.205976 0.205976 0.205976
3624.651855 0.000000 3230.851074 0.000000 0.442701 0.000000 -0.896669 0.207080 0.207080 0.207080
3635.186035 0.000000 3222.958496 0.000000 0.565010 0.000000 -0.825084 0.206177 0.206177 0.206177
3637.946045 0.000000 3221.724365 0.000000 0.497238 0.000000 -0.867614 0.206687 0.206687 0.206687
3601.259033 0.000000 3249.964355 0.000000 0.690801 0.000000 -0.723045 0.205145 0.205145 0.205145
3600.355469 0.000000 3248.772949 0.000000 0.785492 0.000000 -0.618871 0.204248 0.204248 0.204248
3634.488525 0.000000 3224.586670 0.000000 0.778300 0.000000 -0.627893 0.204322 0.204322 0.204322
3636.706055 0.000000 3220.723877 0.000000 0.064284 0.000000 -0.997932 0.209590 0.209590 0.209590
3625.927002 0.000000 3230.183350 0.000000 0.592165 0.000000 -0.805816 0.205965 0.205965 0.205965
3641.018799 0.000000 3221.368652 0.000000 0.408801 0.000000 -0.912624 0.207319 0.207319 0.207319
3693.233887 0.000000 3245.506592 0.000000 0.688764 0.000000 -0.724985 0.104018 0.104018 0.104018
3651.605225 0.000000 3242.885986 0.000000 0.115617 0.000000 -0.993294 0.114303 0.114303 0.114303
3655.290527 0.000000 3254.281738 0.000000 0.361902 0.000000 -0.932216 0.111673 0.111673 0.111673
3690.451904 0.000000 3254.543457 0.000000 0.732417 0.000000 -0.680856 0.118157 0.118157 0.118157
3686.885986 0.000000 3263.770996 0.000000 0.791027 0.000000 -0.611781 0.105241 0.105241 0.105241
3648.974365 0.000000 3232.317139 0.000000 0.409200 0.000000 -0.912445 0.121951 0.121951 0.121951
3692.435303 0.000000 3255.584473 0.000000 0.784341 0.000000 -0.620330 0.124158 0.124158 0.124158
3688.632324 0.000000 3259.244629 0.000000 0.269289 0.000000 -0.963059 0.109091 0.109091 0.109091
3652.679688 0.000000 3233.845703 0.000000 0.618553 0.000000 -0.785743 0.134288 0.134288 0.134288
3650.093750 0.000000 3230.675781 0.000000 0.552374 0.000000 -0.833596 0.112671 0.112671 0.112671
3656.607910 0.000000 3233.444824 0.000000 0.352402 0.000000 -0.935849 0.162326 0.162326 0.162326
3653.147461 0.000000 3273.598633 0.000000 0.411324 0.000000 -0.911489 0.124265 0.124265 0.124265
3690.998291 0.000000 3256.276367 0.000000 0.668483 0.000000 -0.743727 0.160475 0.160475 0.160475
3687.682861 0.000000 3267.860352 0.000000 0.428391 0.000000 -0.903593 0.143344 0.143344 0.143344
3653.125244 0.000000 3232.340576 0.000000 0.746678 0.000000 -0.665186 0.133556 0.133556 0.133556
3664.717773 0.000000 3231.946533 0.000000 0.560093 0.000000 -0.828430 0.163470 0.163470 0.163470
3651.585205 0.000000 3239.202637 0.000000 0.223623 0.000000 -0.974676 0.143132 0.143132 0.143132
3705.594482 0.000000 3265.427246 0.000000 0.745985 0.000000 -0.665962 0.161648 0.161648 0.161648
3650.422363 0.000000 3232.675781 0.000000 0.307756 0.000000 -0.951465 0.192859 0.192859 0.192859
3702.485107 0.000000 3259.312256 0.000000 0.425788 0.000000 -0.904823 0.195012 0.195012 0.195012
3692.932129 0.000000 3256.798096 0.000000 0.446280 0.000000 -0.894894 0.193715 0.193715 0.193715
3652.728516 0.000000 3239.855713 0.000000 0.283369 0.000000 -0.959011 0.143446 0.143446 0.143446
3701.739014 0.000000 3252.234619 0.000000 0.599298 0.000000 -0.800526 0.167842 0.167842 0.167842
3650.950928 0.000000 3241.710205 0.000000 0.472429 0.000000 -0.881369 0.169203 0.169203 0.169203
3686.615479 0.000000 3264.986328 0.000000 0.729601 0.000000 -0.683874 0.191026 0.191026 0.191026
3654.643066 0.000000 3271.491943 0.000000 0.675541 0.000000 -0.737322 0.146627 0.146627 0.146627
3656.459473 0.000000 3262.170410 0.000000 0.573993 0.000000 -0.818860 0.189365 0.189365 0.189365
3650.523926 0.000000 3240.110596 0.000000 0.002899 0.000000 -0.999996 0.171750 0.171750 0.171750
3703.149902 0.000000 3269.707275 0.000000 0.171536 0.000000 -0.985178 0.167941 0.167941 0.167941
3657.572998 0.000000 3262.106201 0.000000 0.713256 0.000000 -0.700904 0.188296 0.188296 0.188296
3687.603027 0.000000 3265.611328 0.000000 0.649498 0.000000 -0.760363 0.191684 0.191684 0.191684
3688.736816 0.000000 3247.400635 0.000000 0.024063 0.000000 -0.999710 0.166937 0.166937 0.166937
3657.938477 0.000000 3254.095703 0.000000 0.173013 0.000000 -0.984920 0.202457 0.202457 0.202457
3653.828857 0.000000 3241.365723 0.000000 0.769635 0.000000 -0.638484 0.194102 0.194102 0.194102
3656.068604 0.000000 3263.179199 0.000000 0.548677 0.000000 -0.836034 0.189544 0.189544 0.189544
3703.548096 0.000000 3258.935791 0.000000 0.080334 0.000000 -0.996768 0.197165 0.197165 0.197165
3702.544189 0.000000 3257.135498 0.000000 0.641228 0.000000 -0.767350 0.168716 0.168716 0.168716
3697.732910 0.000000 3249.414062 0.000000 0.467280 0.000000 -0.884110 0.206905 0.206905 0.206905
3653.024170 0.000000 3240.803711 0.000000 0.198873 0.000000 -0.980025 0.198201 0.198201 0.198201
3703.679443 0.000000 3255.415039 0.000000 0.649106 0.000000 -0.760698 0.202049 0.202049 0.202049
3697.490967 0.000000 3250.169434 0.000000 0.241001 0.000000 -0.970525 0.208450 0.208450 0.208450
3753.423340 0.000000 3252.031494 0.000000 0.624766 0.000000 -0.780812 0.124459 0.124459 0.124459
3742.600098 0.000000 3269.312988 0.000000 0.056046 0.000000 -0.998428 0.123907 0.123907 0.123907
3738.549072 0.000000 3260.922363 0.000000 0.747212 0.000000 -0.664586 0.108332 0.108332 0.108332
3741.536865 0.000000 3259.622559 0.000000 0.101934 0.000000 -0.994791 0.121974 0.121974 0.121974
3742.662598 0.000000 3265.799805 0.000000 0.379877 0.000000 -0.925037 0.104050 0.104050 0.104050
3741.260010 0.000000 3253.878662 0.000000 0.798004 0.000000 -0.602652 0.134363 0.134363 0.134363
3715.898438 0.000000 3272.365967 0.000000 0.038091 0.000000 -0.999274 0.132788 0.132788 0.132788
3745.210693 0.000000 3269.052246 0.000000 0.703650 0.000000 -0.710547 0.111417 0.111417 0.111417
3749.593018 0.000000 3261.820068 0.000000 0.451938 0.000000 -0.892049 0.109016 0.109016 0.109016
3745.615479 0.000000 3273.705078 0.000000 0.371352 0.000000 -0.928492 0.143618 0.143618 0.143618
3745.051514 0.000000 3251.800781 0.000000 0.470896 0.000000 -0.882189 0.121693 0.121693 0.121693
3743.716309 0.000000 3260.060059 0.000000 0.327374 0.000000 -0.944895 0.114711 0.114711 0.114711
3717.476562 0.000000 3270.887695 0.000000 0.012648 0.000000 -0.999920 0.114074 0.114074 0.114074
3746.607666 0.000000 3272.003418 0.000000 0.547043 0.000000 -0.837104 0.143900 0.143900 0.143900
3760.736572 0.000000 3266.296143 0.000000 0.114164 0.000000 -0.993462 0.143032 0.143032 0.143032
3747.914307 0.000000 3248.368408 0.000000 0.040858 0.000000 -0.999165 0.135127 0.135127 0.135127
3752.804443 0.000000 3253.733643 0.000000 0.187795 0.000000 -0.982208 0.126331 0.126331 0.126331
3742.632324 0.000000 3246.919434 0.000000 0.099163 0.000000 -0.995071 0.126676 0.126676 0.126676
3718.216797 0.000000 3266.841309 0.000000 0.749769 0.000000 -0.661700 0.151303 0.151303 0.151303
3753.330078 0.000000 3260.770996 0.000000 0.436848 0.000000 -0.899535 0.135761 0.135761 0.135761
3741.201660 0.000000 3252.275879 0.000000 0.449340 0.000000 -0.893361 0.136282 0.136282 0.136282
3742.239746 0.000000 3267.791260 0.000000 0.567455 0.000000 -0.823404 0.125890 0.125890 0.125890
3746.804443 0.000000 3243.591553 0.000000 0.734554 0.000000 -0.678550 0.155425 0.155425 0.155425
3751.334717 0.000000 3259.367676 0.000000 0.495913 0.000000 -0.868372 0.147062 0.147062 0.147062
3756.297363 0.000000 3251.661865 0.000000 0.664584 0.000000 -0.747214 0.201345 0.201345 0.201345
3756.637939 0.000000 3249.162598 0.000000 0.228150 0.000000 -0.973626 0.182249 0.182249 0.182249
3753.666016 0.000000 3266.742676 0.000000 0.520323 0.000000 -0.853969 0.167180 0.167180 0.167180
3745.317139 0.000000 3265.170654 0.000000 0.211433 0.000000 -0.977392 0.196371 0.196371 0.196371
3755.135742 0.000000 3251.232422 0.000000 0.710302 0.000000 -0.703897 0.187747 0.187747 0.187747
3753.663330 0.000000 3263.203369 0.000000 0.704188 0.000000 -0.710014 0.201580 0.201580 0.201580
3750.453369 0.000000 3274.459229 0.000000 0.802566 0.000000 -0.596563 0.195495 0.195495 0.195495
3760.238770 0.000000 3265.293945 0.000000 0.687986 0.000000 -0.725724 0.180458 0.180458 0.180458
3748.441406 0.000000 3275.587402 0.000000 0.213367 0.000000 -0.976972 0.197528 0.197528 0.197528
3751.510986 0.000000 3244.494141 0.000000 0.705147 0.000000 -0.709061 0.166541 0.166541 0.166541
3759.829590 0.000000 3244.419189 0.000000 0.698190 0.000000 -0.715913 0.205080 0.205080 0.205080
3759.923584 0.000000 3241.335449 0.000000 0.171779 0.000000 -0.985135 0.187835 0.187835 0.187835
3741.017578 0.000000 3251.229248 0.000000 0.025642 0.000000 -0.999671 0.185150 0.185150 0.185150
3743.603760 0.000000 3263.767090 0.000000 0.380548 0.000000 -0.924761 0.184264 0.184264 0.184264
3754.775635 0.000000 3263.729492 0.000000 0.400471 0.000000 -0.916310 0.205634 0.205634 0.205634
3739.925781 0.000000 3264.813232 0.000000 0.454456 0.000000 -0.890769 0.206997 0.206997 0.206997
3738.932373 0.000000 3266.657959 0.000000 0.596516 0.000000 -0.802601 0.177089 0.177089 0.177089
3742.356201 0.000000 3262.293457 0.000000 0.787172 0.000000 -0.616734 0.181348 0.181348 0.181348
3717.452637 0.000000 3264.879150 0.000000 0.243619 0.000000 -0.969871 0.198508 0.198508 0.198508
3747.242676 0.000000 3263.906494 0.000000 0.623020 0.000000 -0.782206 0.197075 0.197075 0.197075
3715.062012 0.000000 3271.834229 0.000000 0.735771 0.000000 -0.677230 0.190399 0.190399 0.190399
3743.382812 0.000000 3244.726807 0.000000 0.099104 0.000000 -0.995077 0.194706 0.194706 0.194706
3754.983887 0.000000 3262.501465 0.000000 0.560734 0.000000 -0.827996 0.204478 0.204478 0.204478
3741.956299 0.000000 3276.029297 0.000000 0.611926 0.000000 -0.790915 0.205231 0.205231 0.205231
3749.033447 0.000000 3263.703857 0.000000 0.296530 0.000000 -0.955023 0.208083 0.208083 0.208083
3593.453857 0.000000 3282.413086 0.000000 0.067504 0.000000 -0.997719 0.104785 0.104785 0.104785
3594.945312 0.000000 3276.239990 0.000000 0.595544 0.000000 -0.803322 0.132678 0.132678 0.132678
3594.141602 0.000000 3278.825439 0.000000 0.013124 0.000000 -0.999914 0.205212 0.205212 0.205212
3742.802246 0.000000 3276.154785 0.000000 0.251442 0.000000 -0.967872 0.126080 0.126080 0.126080
3738.616699 0.000000 3282.303223 0.000000 0.403501 0.000000 -0.914979 0.106292 0.106292 0.106292
3736.358154 0.000000 3284.604736 0.000000 0.319702 0.000000 -0.947518 0.137454 0.137454 0.137454
3725.243652 0.000000 3283.334961 0.000000 0.805313 0.000000 -0.592849 0.124024 0.124024 0.124024
3736.548584 0.000000 3278.150635 0.000000 0.230477 0.000000 -0.973078 0.142517 0.142517 0.142517
3713.194336 0.000000 3285.368164 0.000000 0.543701 0.000000 -0.839279 0.143340 0.143340 0.143340
3714.358887 0.000000 3283.740967 0.000000 0.090848 0.000000 -0.995865 0.161905 0.161905 0.161905
3737.362793 0.000000 3282.301270 0.000000 0.700514 0.000000 -0.713639 0.183806 0.183806 0.183806
3737.502930 0.000000 3286.667236 0.000000 0.080694 0.000000 -0.996739 0.209486 0.209486 0.209486
3736.985840 0.000000 3289.788818 0.000000 0.202527 0.000000 -0.979277 0.208702 0.208702 0.208702
3725.568604 0.000000 3284.162598 0.000000 0.030632 0.000000 -0.999531 0.209217 0.209217 0.209217
3737.308105 0.000000 3290.486572 0.000000 0.388686 0.000000 -0.921370 0.207459 0.207459 0.207459
4271.961914 0.000000 3048.931885 0.000000 0.236836 0.000000 -0.971550 0.127306 0.127306 0.127306
4268.424316 0.000000 3046.218018 0.000000 0.688972 0.000000 -0.724788 0.128729 0.128729 0.128729
4263.114258 0.000000 3024.126709 0.000000 0.340125 0.000000 -0.940380 0.146676 0.146676 0.146676
4255.835449 0.000000 3042.869385 0.000000 0.623662 0.000000 -0.781694 0.149819 0.149819 0.149819
4269.223145 0.000000 3049.758057 0.000000 0.194753 0.000000 -0.980852 0.192964 0.192964 0.192964
4268.170898 0.000000 3048.935791 0.000000 0.306084 0.000000 -0.952004 0.192287 0.192287 0.192287
4263.443848 0.000000 3061.445557 0.000000 0.120587 0.000000 -0.992703 0.117802 0.117802 0.117802
4262.658203 0.000000 3058.377197 0.000000 0.313347 0.000000 -0.949639 0.130492 0.130492 0.130492
4271.569336 0.000000 3050.259521 0.000000 0.768526 0.000000 -0.639819 0.129981 0.129981 0.129981
4268.792969 0.000000 3051.735107 0.000000 0.414852 0.000000 -0.909889 0.180569 0.180569 0.180569
4264.764648 0.000000 3059.579102 0.000000 0.481335 0.000000 -0.876537 0.189425 0.189425 0.189425
4330.064453 0.000000 3214.448730 0.000000 0.607334 0.000000 -0.794446 0.102922 0.102922 0.102922
4335.152344 0.000000 3208.595703 0.000000 0.037294 0.000000 -0.999304 0.119864 0.119864 0.119864
4340.392090 0.000000 3211.511719 0.000000 0.224734 0.000000 -0.974420 0.105739 0.105739 0.105739
4332.424316 0.000000 3215.671143 0.000000 0.322704 0.000000 -0.946500 0.143264 0.143264 0.143264
4336.736816 0.000000 3209.811768 0.000000 0.527551 0.000000 -0.849523 0.126075 0.126075 0.126075
4337.522949 0.000000 3217.796875 0.000000 0.249990 0.000000 -0.968248 0.141263 0.141263 0.141263
4295.860840 0.000000 3196.465088 0.000000 0.398721 0.000000 -0.917072 0.161496 0.161496 0.161496
4316.483398 0.000000 3206.060303 0.000000 0.685475 0.000000 -0.728096 0.159211 0.159211 0.159211
4324.907227 0.000000 3200.208984 0.000000 0.680181 0.000000 -0.733045 0.166720 0.166720 0.166720
4335.561523 0.000000 3214.600586 0.000000 0.702727 0.000000 -0.711460 0.205039 0.205039 0.205039
4339.887695 0.000000 3213.315918 0.000000 0.736111 0.000000 -0.676861 0.200145 0.200145 0.200145
4325.083496 0.000000 3199.154541 0.000000 0.576596 0.000000 -0.817030 0.206088 0.206088 0.206088
4335.125000 0.000000 3215.518555 0.000000 0.274603 0.000000 -0.961558 0.208229 0.208229 0.208229
4295.044922 0.000000 3199.959473 0.000000 0.395259 0.000000 -0.918570 0.207413 0.207413 0.207413
"}
