object={
	name="bush_02_generator_1_0"
	clamp_to_water_level=no
	render_under_water=no
	generated_content=yes
	layer="semidynamic_medium"
	pdxmesh="tree_bush_03_mesh"
	count=183
	transform="571.875732 0.000000 1143.893677 0.000000 0.838638 0.000000 0.544689 0.196333 0.196333 0.196333
573.523621 0.000000 1143.272949 0.000000 0.192256 0.000000 0.981345 0.191232 0.191232 0.191232
573.121704 0.000000 1145.912476 0.000000 0.259938 0.000000 0.965625 0.183621 0.183621 0.183621
570.513306 0.000000 1143.383911 0.000000 0.854765 0.000000 -0.519016 0.203474 0.203474 0.203474
572.279541 0.000000 1142.665283 0.000000 0.999988 0.000000 0.004947 0.199969 0.199969 0.199969
3011.034668 0.000000 3104.314697 0.000000 0.994349 0.000000 -0.106157 0.195618 0.195618 0.195618
3011.834473 0.000000 3106.643066 0.000000 0.853172 0.000000 -0.521629 0.190383 0.190383 0.190383
2928.299561 0.000000 3199.271484 0.000000 0.948972 0.000000 0.315361 0.197958 0.197958 0.197958
2939.155518 0.000000 3191.575195 0.000000 0.989733 0.000000 0.142927 0.196299 0.196299 0.196299
2938.078369 0.000000 3192.397705 0.000000 0.752812 0.000000 0.658236 0.195426 0.195426 0.195426
2957.917725 0.000000 3251.055664 0.000000 0.681149 0.000000 0.732145 0.194770 0.194770 0.194770
2956.118408 0.000000 3250.942139 0.000000 0.965296 0.000000 0.261158 0.198318 0.198318 0.198318
2936.851562 0.000000 3307.706055 0.000000 0.695215 0.000000 0.718802 0.171419 0.171419 0.171419
2940.546387 0.000000 3304.033447 0.000000 0.699690 0.000000 0.714447 0.166540 0.166540 0.166540
2940.396973 0.000000 3302.381836 0.000000 0.874247 0.000000 0.485482 0.196773 0.196773 0.196773
2941.768066 0.000000 3303.291992 0.000000 0.506393 0.000000 0.862303 0.193380 0.193380 0.193380
2969.924805 0.000000 3329.334229 0.000000 0.827175 0.000000 0.561944 0.192904 0.192904 0.192904
2965.436035 0.000000 3327.391602 0.000000 0.306909 0.000000 0.951739 0.179079 0.179079 0.179079
2945.439453 0.000000 3300.473145 0.000000 0.197510 0.000000 0.980301 0.174657 0.174657 0.174657
2952.816895 0.000000 3314.184326 0.000000 0.971325 0.000000 -0.237755 0.201528 0.201528 0.201528
2955.726318 0.000000 3318.972656 0.000000 0.729787 0.000000 0.683675 0.195208 0.195208 0.195208
2975.273193 0.000000 3387.454590 0.000000 0.771550 0.000000 0.636169 0.183556 0.183556 0.183556
2965.636475 0.000000 3387.080322 0.000000 0.041287 0.000000 0.999147 0.190263 0.190263 0.190263
2962.408936 0.000000 3360.987549 0.000000 0.765157 0.000000 0.643843 0.169803 0.169803 0.169803
2961.216553 0.000000 3372.459473 0.000000 0.996519 0.000000 0.083362 0.174326 0.174326 0.174326
2973.536865 0.000000 3372.591309 0.000000 0.940798 0.000000 0.338968 0.170650 0.170650 0.170650
2969.163818 0.000000 3388.437500 0.000000 0.968079 0.000000 0.250645 0.198387 0.198387 0.198387
2958.452148 0.000000 3388.172852 0.000000 0.881207 0.000000 -0.472730 0.203135 0.203135 0.203135
2964.386963 0.000000 3359.375244 0.000000 0.103605 0.000000 0.994618 0.190661 0.190661 0.190661
2962.130127 0.000000 3377.671387 0.000000 0.973338 0.000000 -0.229377 0.191879 0.191879 0.191879
2962.928467 0.000000 3373.482910 0.000000 0.849830 0.000000 -0.527056 0.188711 0.188711 0.188711
2959.347656 0.000000 3389.346680 0.000000 0.986607 0.000000 -0.163116 0.201043 0.201043 0.201043
2961.893799 0.000000 3402.377197 0.000000 0.882039 0.000000 -0.471176 0.187761 0.187761 0.187761
2975.881836 0.000000 3391.711914 0.000000 0.999074 0.000000 0.043014 0.187977 0.187977 0.187977
2969.026123 0.000000 3389.310303 0.000000 0.925619 0.000000 -0.378456 0.202471 0.202471 0.202471
2954.112305 0.000000 3407.216309 0.000000 0.702314 0.000000 0.711867 0.169836 0.169836 0.169836
2964.737793 0.000000 3389.065430 0.000000 0.234821 0.000000 0.972039 0.191509 0.191509 0.191509
2976.666016 0.000000 3389.701416 0.000000 0.002704 0.000000 0.999996 0.190017 0.190017 0.190017
2965.555908 0.000000 3404.828369 0.000000 0.219272 0.000000 0.975664 0.191407 0.191407 0.191407
2954.685303 0.000000 3391.025879 0.000000 0.242952 0.000000 0.970038 0.182977 0.182977 0.182977
2954.945312 0.000000 3389.208740 0.000000 0.654779 0.000000 0.755821 0.189095 0.189095 0.189095
2955.846924 0.000000 3393.309570 0.000000 0.985289 0.000000 0.170898 0.198907 0.198907 0.198907
2965.606445 0.000000 3389.890137 0.000000 0.478564 0.000000 0.878053 0.193177 0.193177 0.193177
4114.736816 0.000000 2365.980469 0.000000 0.948375 0.000000 -0.317151 0.181113 0.181113 0.181113
4096.290527 0.000000 2350.224609 0.000000 0.168557 0.000000 0.985692 0.150936 0.150936 0.150936
4109.467773 0.000000 2331.414551 0.000000 0.180018 0.000000 0.983663 0.191152 0.191152 0.191152
4127.273438 0.000000 2370.735840 0.000000 0.817167 0.000000 -0.576401 0.166213 0.166213 0.166213
4109.883301 0.000000 2364.355469 0.000000 0.560719 0.000000 0.828006 0.156334 0.156334 0.156334
4102.798828 0.000000 2330.126465 0.000000 0.055924 0.000000 0.998435 0.157830 0.157830 0.157830
4111.660156 0.000000 2367.024658 0.000000 0.307594 0.000000 0.951518 0.181235 0.181235 0.181235
4125.075684 0.000000 2368.259521 0.000000 0.053599 0.000000 0.998563 0.179678 0.179678 0.179678
4124.116211 0.000000 2371.274902 0.000000 0.999933 0.000000 0.011617 0.199926 0.199926 0.199926
4100.679688 0.000000 2330.095703 0.000000 0.838456 0.000000 -0.544970 0.203669 0.203669 0.203669
4115.139160 0.000000 2363.523193 0.000000 0.328787 0.000000 0.944404 0.192133 0.192133 0.192133
4125.530273 0.000000 2370.032715 0.000000 0.940174 0.000000 -0.340693 0.202213 0.202213 0.202213
4107.861328 0.000000 2330.528809 0.000000 0.869655 0.000000 0.493659 0.196713 0.196713 0.196713
4113.633301 0.000000 2364.688232 0.000000 0.247376 0.000000 0.968920 0.185688 0.185688 0.185688
4122.534668 0.000000 2370.654785 0.000000 0.179994 0.000000 0.983668 0.191152 0.191152 0.191152
4101.821289 0.000000 2333.465576 0.000000 0.715598 0.000000 0.698512 0.195077 0.195077 0.195077
4125.699219 0.000000 2371.462891 0.000000 0.423210 0.000000 0.906031 0.192782 0.192782 0.192782
4114.752930 0.000000 2362.213623 0.000000 0.915086 0.000000 -0.403260 0.202642 0.202642 0.202642
4101.138184 0.000000 2331.294678 0.000000 0.522534 0.000000 0.852618 0.193500 0.193500 0.193500
4100.218262 0.000000 2333.290527 0.000000 0.862031 0.000000 0.506856 0.196616 0.196616 0.196616
4101.154785 0.000000 2332.506836 0.000000 0.329643 0.000000 0.944106 0.192139 0.192139 0.192139
4322.997070 0.000000 2371.822754 0.000000 0.891647 0.000000 -0.452731 0.172855 0.172855 0.172855
4321.615234 0.000000 2369.955078 0.000000 0.578403 0.000000 0.815751 0.181976 0.181976 0.181976
4130.139648 0.000000 2374.070068 0.000000 0.875193 0.000000 -0.483775 0.170769 0.170769 0.170769
4223.291016 0.000000 2372.748779 0.000000 0.429065 0.000000 0.903274 0.192823 0.192823 0.192823
4221.061035 0.000000 2372.900146 0.000000 0.770813 0.000000 0.637061 0.179166 0.179166 0.179166
4322.074219 0.000000 2377.863525 0.000000 0.971703 0.000000 -0.236205 0.201518 0.201518 0.201518
4319.085938 0.000000 2379.972656 0.000000 0.336198 0.000000 0.941791 0.192183 0.192183 0.192183
4317.291992 0.000000 2383.634766 0.000000 0.465725 0.000000 0.884930 0.180645 0.180645 0.180645
4314.413574 0.000000 2380.615234 0.000000 0.941373 0.000000 0.337368 0.197809 0.197809 0.197809
4319.953125 0.000000 2378.019043 0.000000 0.952954 0.000000 0.303116 0.198039 0.198039 0.198039
4320.870605 0.000000 2379.589355 0.000000 0.908407 0.000000 0.418087 0.197254 0.197254 0.197254
4322.589355 0.000000 2372.541992 0.000000 0.182929 0.000000 0.983126 0.191171 0.191171 0.191171
4325.877441 0.000000 2372.397705 0.000000 0.772676 0.000000 0.634800 0.195622 0.195622 0.195622
4323.236328 0.000000 2376.864990 0.000000 0.464300 0.000000 0.885678 0.193074 0.193074 0.193074
4656.982910 0.000000 2262.806152 0.000000 0.988670 0.000000 0.150108 0.199041 0.199041 0.199041
4657.868164 0.000000 2263.816162 0.000000 0.869209 0.000000 0.494445 0.196707 0.196707 0.196707
6819.373047 0.000000 2512.255859 0.000000 0.368955 0.000000 0.929447 0.163841 0.163841 0.163841
6827.534668 0.000000 2501.302246 0.000000 0.708975 0.000000 0.705234 0.172074 0.172074 0.172074
6827.536621 0.000000 2498.875488 0.000000 0.815233 0.000000 -0.579133 0.195364 0.195364 0.195364
6854.599121 0.000000 2538.413330 0.000000 0.497916 0.000000 0.867225 0.193318 0.193318 0.193318
6879.273438 0.000000 2540.188965 0.000000 0.975524 0.000000 -0.219894 0.201411 0.201411 0.201411
6865.216309 0.000000 2525.193848 0.000000 0.931814 0.000000 -0.362935 0.181958 0.181958 0.181958
6858.749023 0.000000 2527.505371 0.000000 0.931382 0.000000 0.364044 0.197628 0.197628 0.197628
6876.116211 0.000000 2540.728027 0.000000 0.999708 0.000000 0.024182 0.199846 0.199846 0.199846
6873.164062 0.000000 2541.171875 0.000000 0.844659 0.000000 -0.535305 0.197323 0.197323 0.197323
6860.244629 0.000000 2535.929199 0.000000 0.631503 0.000000 0.775374 0.172031 0.172031 0.172031
6864.405273 0.000000 2522.867676 0.000000 0.989246 0.000000 0.146262 0.185683 0.185683 0.185683
6863.784668 0.000000 2527.135254 0.000000 0.850690 0.000000 -0.525668 0.203524 0.203524 0.203524
6881.615234 0.000000 2539.408203 0.000000 0.797417 0.000000 0.603428 0.169540 0.169540 0.169540
6859.567871 0.000000 2525.465820 0.000000 0.940771 0.000000 0.339042 0.197798 0.197798 0.197798
6860.416504 0.000000 2527.230469 0.000000 0.904892 0.000000 -0.425641 0.202799 0.202799 0.202799
6874.534668 0.000000 2540.107910 0.000000 0.994849 0.000000 0.101372 0.199354 0.199354 0.199354
6859.621582 0.000000 2531.236084 0.000000 0.996452 0.000000 -0.084160 0.194357 0.194357 0.194357
6854.498535 0.000000 2539.855469 0.000000 0.776518 0.000000 0.630095 0.195660 0.195660 0.195660
6858.169922 0.000000 2525.886230 0.000000 0.300711 0.000000 0.953715 0.191944 0.191944 0.191944
6877.699219 0.000000 2540.916016 0.000000 0.994992 0.000000 0.099957 0.199363 0.199363 0.199363
6858.652832 0.000000 2524.378418 0.000000 0.081784 0.000000 0.996650 0.190521 0.190521 0.190521
6862.338867 0.000000 2527.133545 0.000000 0.669758 0.000000 0.742579 0.194672 0.194672 0.194672
6858.229004 0.000000 2529.580322 0.000000 0.155886 0.000000 0.987775 0.190996 0.190996 0.190996
6879.818848 0.000000 2541.297119 0.000000 0.982929 0.000000 0.183987 0.198822 0.198822 0.198822
6875.171875 0.000000 2541.272705 0.000000 0.870381 0.000000 -0.492378 0.203277 0.203277 0.203277
6874.840820 0.000000 2568.501221 0.000000 0.982695 0.000000 -0.185233 0.201186 0.201186 0.201186
6879.822266 0.000000 2567.857910 0.000000 0.853008 0.000000 0.521898 0.189349 0.189349 0.189349
6857.889160 0.000000 2597.062012 0.000000 0.993055 0.000000 -0.117655 0.200751 0.200751 0.200751
6875.115234 0.000000 2571.080566 0.000000 0.956901 0.000000 -0.290413 0.201876 0.201876 0.201876
6877.269531 0.000000 2543.956299 0.000000 0.978252 0.000000 -0.207422 0.197946 0.197946 0.197946
6877.193848 0.000000 2568.008057 0.000000 0.919730 0.000000 -0.392553 0.202568 0.202568 0.202568
6876.442383 0.000000 2541.814209 0.000000 0.096815 0.000000 0.995302 0.190617 0.190617 0.190617
6856.026367 0.000000 2596.251221 0.000000 0.897928 0.000000 0.440143 0.197099 0.197099 0.197099
6876.327637 0.000000 2569.615479 0.000000 0.120955 0.000000 0.992658 0.190772 0.190772 0.190772
6877.381836 0.000000 2572.392090 0.000000 0.047729 0.000000 0.998860 0.175911 0.175911 0.175911
6879.589355 0.000000 2571.842041 0.000000 0.038182 0.000000 0.999271 0.190243 0.190243 0.190243
6875.994141 0.000000 2566.830078 0.000000 0.459781 0.000000 0.888032 0.193041 0.193041 0.193041
6874.746094 0.000000 2541.823975 0.000000 0.568016 0.000000 0.823018 0.193846 0.193846 0.193846
6878.429688 0.000000 2566.971924 0.000000 0.886738 0.000000 -0.462271 0.195665 0.195665 0.195665
6878.747070 0.000000 2543.385010 0.000000 0.999348 0.000000 0.036104 0.199770 0.199770 0.199770
6874.272949 0.000000 2569.880371 0.000000 0.793565 0.000000 0.608486 0.195836 0.195836 0.195836
6856.569824 0.000000 2597.733887 0.000000 0.957364 0.000000 -0.288885 0.201866 0.201866 0.201866
6877.522949 0.000000 2569.600830 0.000000 0.850259 0.000000 -0.526364 0.203529 0.203529 0.203529
6876.055664 0.000000 2568.321777 0.000000 0.999078 0.000000 -0.042935 0.200273 0.200273 0.200273
6877.300293 0.000000 2566.711426 0.000000 0.343537 0.000000 0.939139 0.192233 0.192233 0.192233
6878.440430 0.000000 2571.860840 0.000000 0.932069 0.000000 -0.362280 0.202360 0.202360 0.202360
6879.106934 0.000000 2570.147461 0.000000 0.506921 0.000000 0.861992 0.193384 0.193384 0.193384
6878.740723 0.000000 2568.020996 0.000000 0.949598 0.000000 0.313472 0.197970 0.197970 0.197970
6875.330566 0.000000 2569.986572 0.000000 0.184829 0.000000 0.982771 0.191183 0.191183 0.191183
6879.713379 0.000000 2542.937256 0.000000 0.890899 0.000000 0.454201 0.196999 0.196999 0.196999
6898.281250 0.000000 2641.350342 0.000000 0.915774 0.000000 -0.401693 0.202632 0.202632 0.202632
6863.347656 0.000000 2598.565430 0.000000 0.934762 0.000000 -0.355276 0.160943 0.160943 0.160943
6906.133789 0.000000 2625.745605 0.000000 0.984578 0.000000 -0.174946 0.172952 0.172952 0.172952
6857.437988 0.000000 2599.098877 0.000000 0.986247 0.000000 0.165278 0.198943 0.198943 0.198943
6899.720703 0.000000 2636.153076 0.000000 0.838420 0.000000 -0.545025 0.184843 0.184843 0.184843
6896.887695 0.000000 2623.156738 0.000000 0.482454 0.000000 0.875921 0.193205 0.193205 0.193205
6896.763672 0.000000 2638.087646 0.000000 0.998834 0.000000 -0.048267 0.200307 0.200307 0.200307
6903.033203 0.000000 2636.729248 0.000000 0.826577 0.000000 0.562824 0.191248 0.191248 0.191248
6860.406250 0.000000 2599.229492 0.000000 0.934954 0.000000 -0.354768 0.202309 0.202309 0.202309
6901.008789 0.000000 2642.503174 0.000000 0.999969 0.000000 -0.007835 0.200050 0.200050 0.200050
6868.724609 0.000000 2627.981689 0.000000 0.966862 0.000000 -0.255299 0.191477 0.191477 0.191477
6911.022949 0.000000 2652.446777 0.000000 0.982184 0.000000 -0.187920 0.201203 0.201203 0.201203
6866.931641 0.000000 2629.607422 0.000000 0.658903 0.000000 0.752228 0.191854 0.191854 0.191854
6894.967285 0.000000 2613.658203 0.000000 0.953741 0.000000 0.300630 0.198056 0.198056 0.198056
6910.298340 0.000000 2647.751953 0.000000 0.323108 0.000000 0.946362 0.188866 0.188866 0.188866
6891.536621 0.000000 2611.844238 0.000000 0.143782 0.000000 0.989609 0.181292 0.181292 0.181292
6856.096191 0.000000 2600.466309 0.000000 0.818093 0.000000 0.575085 0.180719 0.180719 0.180719
6897.177734 0.000000 2639.894531 0.000000 1.000000 0.000000 0.000272 0.199998 0.199998 0.199998
6899.333496 0.000000 2642.688965 0.000000 0.393259 0.000000 0.919428 0.192573 0.192573 0.192573
6858.945312 0.000000 2598.427490 0.000000 0.927480 0.000000 0.373874 0.192027 0.192027 0.192027
6861.791016 0.000000 2598.333984 0.000000 0.356253 0.000000 0.934389 0.192319 0.192319 0.192319
6898.837402 0.000000 2639.957520 0.000000 0.358895 0.000000 0.933378 0.192337 0.192337 0.192337
6910.566406 0.000000 2653.909912 0.000000 0.798558 0.000000 0.601918 0.195888 0.195888 0.195888
6898.095215 0.000000 2638.618164 0.000000 0.036961 0.000000 0.999317 0.190235 0.190235 0.190235
6896.564941 0.000000 2636.844238 0.000000 0.476053 0.000000 0.879417 0.193159 0.193159 0.193159
6899.778809 0.000000 2643.861816 0.000000 0.859806 0.000000 0.510620 0.196588 0.196588 0.196588
6897.295410 0.000000 2622.042236 0.000000 0.882803 0.000000 -0.469742 0.203113 0.203113 0.203113
6901.240234 0.000000 2640.524170 0.000000 0.027761 0.000000 0.999615 0.190177 0.190177 0.190177
6899.962891 0.000000 2641.765137 0.000000 0.908080 0.000000 0.418797 0.197249 0.197249 0.197249
6862.124512 0.000000 2683.774414 0.000000 0.403624 0.000000 0.914925 0.171600 0.171600 0.171600
6862.146973 0.000000 2676.619141 0.000000 0.256010 0.000000 0.966674 0.191648 0.191648 0.191648
6885.443359 0.000000 2674.567627 0.000000 0.062572 0.000000 0.998040 0.190399 0.190399 0.190399
6893.457031 0.000000 2658.979248 0.000000 0.807717 0.000000 0.589570 0.191594 0.191594 0.191594
6902.469238 0.000000 2664.919678 0.000000 0.373071 0.000000 0.927803 0.188661 0.188661 0.188661
6864.326660 0.000000 2677.432617 0.000000 0.340822 0.000000 0.940128 0.192214 0.192214 0.192214
6865.646484 0.000000 2674.090332 0.000000 0.128454 0.000000 0.991715 0.190820 0.190820 0.190820
6861.989746 0.000000 2681.680176 0.000000 0.642369 0.000000 0.766395 0.194441 0.194441 0.194441
6867.159180 0.000000 2674.985107 0.000000 0.961213 0.000000 0.275808 0.198221 0.198221 0.198221
6892.179688 0.000000 2658.188721 0.000000 0.805659 0.000000 0.592380 0.191572 0.191572 0.191572
6894.835449 0.000000 2658.816162 0.000000 0.323148 0.000000 0.946348 0.192095 0.192095 0.192095
6865.638672 0.000000 2679.767334 0.000000 0.982014 0.000000 0.188810 0.198791 0.198791 0.198791
6863.627930 0.000000 2678.515381 0.000000 0.859305 0.000000 -0.511463 0.203418 0.203418 0.203418
6884.226562 0.000000 2674.917480 0.000000 0.828793 0.000000 -0.559555 0.203781 0.203781 0.203781
6865.695801 0.000000 2677.351074 0.000000 0.982936 0.000000 -0.183948 0.201178 0.201178 0.201178
6863.370605 0.000000 2676.570557 0.000000 0.955220 0.000000 0.295897 0.198088 0.198088 0.198088
6864.371094 0.000000 2674.295166 0.000000 0.166957 0.000000 0.985964 0.191068 0.191068 0.191068
6913.469238 0.000000 2652.829346 0.000000 0.998240 0.000000 0.059299 0.168309 0.168309 0.168309
7657.423340 0.000000 2913.125244 0.000000 0.966617 0.000000 0.256227 0.172793 0.172793 0.172793
7653.993652 0.000000 2910.266357 0.000000 0.894752 0.000000 0.446563 0.178286 0.178286 0.178286
7652.675781 0.000000 2913.545166 0.000000 0.825008 0.000000 -0.565120 0.203823 0.203823 0.203823
7655.131348 0.000000 2915.682373 0.000000 0.998736 0.000000 -0.050266 0.168336 0.168336 0.168336
7654.985352 0.000000 2912.567627 0.000000 0.631286 0.000000 0.775550 0.194349 0.194349 0.194349
7655.991211 0.000000 2913.594727 0.000000 0.220910 0.000000 0.975294 0.191418 0.191418 0.191418
"}
object={
	name="bush_02_generator_1_1"
	clamp_to_water_level=no
	render_under_water=no
	generated_content=yes
	layer="semidynamic_medium"
	pdxmesh="tree_bush_04_mesh"
	count=93
	transform="3010.304932 0.000000 3107.990479 0.000000 0.246798 0.000000 -0.969067 0.194985 0.194985 0.194985
2939.206543 0.000000 3193.105713 0.000000 0.796285 0.000000 -0.604922 0.204136 0.204136 0.204136
2929.258545 0.000000 3200.582031 0.000000 0.805585 0.000000 -0.592480 0.190320 0.190320 0.190320
2954.323975 0.000000 3251.102783 0.000000 0.713107 0.000000 -0.701056 0.204946 0.204946 0.204946
2958.841064 0.000000 3247.403809 0.000000 0.683891 0.000000 -0.729584 0.205206 0.205206 0.205206
2938.134033 0.000000 3303.558105 0.000000 0.674716 0.000000 -0.738077 0.200110 0.200110 0.200110
2939.155518 0.000000 3304.543945 0.000000 0.771881 0.000000 -0.635768 0.204386 0.204386 0.204386
2953.163818 0.000000 3315.394531 0.000000 0.436380 0.000000 -0.899762 0.207125 0.207125 0.207125
2954.748779 0.000000 3318.286621 0.000000 0.796405 0.000000 -0.604764 0.204135 0.204135 0.204135
2967.931152 0.000000 3327.811035 0.000000 0.286554 0.000000 -0.958064 0.194740 0.194740 0.194740
2963.138916 0.000000 3323.757568 0.000000 0.801336 0.000000 -0.598215 0.190934 0.190934 0.190934
2970.549072 0.000000 3373.891113 0.000000 0.080645 0.000000 -0.996743 0.174278 0.174278 0.174278
2962.867188 0.000000 3375.541992 0.000000 0.237545 0.000000 -0.971377 0.174604 0.174604 0.174604
2965.228027 0.000000 3370.483154 0.000000 0.457448 0.000000 -0.889236 0.178567 0.178567 0.178567
2977.615479 0.000000 3386.673828 0.000000 0.767135 0.000000 -0.641486 0.192408 0.192408 0.192408
2956.076904 0.000000 3367.888672 0.000000 0.498575 0.000000 -0.866846 0.200888 0.200888 0.200888
2976.929688 0.000000 3389.055664 0.000000 0.600710 0.000000 -0.799467 0.205898 0.205898 0.205898
2957.010498 0.000000 3366.602295 0.000000 0.041208 0.000000 -0.999151 0.203863 0.203863 0.203863
2965.138184 0.000000 3388.394287 0.000000 0.455869 0.000000 -0.890047 0.206987 0.206987 0.206987
2977.773193 0.000000 3388.003418 0.000000 0.768076 0.000000 -0.640358 0.204424 0.204424 0.204424
2965.670898 0.000000 3359.662354 0.000000 0.392989 0.000000 -0.919543 0.207429 0.207429 0.207429
2974.227295 0.000000 3393.619873 0.000000 0.464619 0.000000 -0.885511 0.176784 0.176784 0.176784
2954.448242 0.000000 3392.667480 0.000000 0.711782 0.000000 -0.702401 0.204958 0.204958 0.204958
4112.020996 0.000000 2360.087646 0.000000 0.256823 0.000000 -0.966458 0.178583 0.178583 0.178583
4100.061523 0.000000 2332.069092 0.000000 0.083404 0.000000 -0.996516 0.209468 0.209468 0.209468
4105.939941 0.000000 2331.147705 0.000000 0.571648 0.000000 -0.820499 0.206126 0.206126 0.206126
4113.116211 0.000000 2363.106934 0.000000 0.404678 0.000000 -0.914459 0.198055 0.198055 0.198055
4111.977051 0.000000 2364.926514 0.000000 0.226113 0.000000 -0.974101 0.195112 0.195112 0.195112
4104.084473 0.000000 2331.494385 0.000000 0.109980 0.000000 -0.993934 0.209298 0.209298 0.209298
4104.898926 0.000000 2330.754395 0.000000 0.406109 0.000000 -0.913824 0.207338 0.207338 0.207338
4101.718750 0.000000 2330.371338 0.000000 0.305155 0.000000 -0.952303 0.208026 0.208026 0.208026
4322.607422 0.000000 2368.253418 0.000000 0.512457 0.000000 -0.858713 0.199052 0.199052 0.199052
4124.442383 0.000000 2372.361084 0.000000 0.697887 0.000000 -0.716208 0.187274 0.187274 0.187274
4318.802246 0.000000 2372.404785 0.000000 0.320380 0.000000 -0.947289 0.181715 0.181715 0.181715
4324.142090 0.000000 2372.438965 0.000000 0.224178 0.000000 -0.974548 0.208561 0.208561 0.208561
4316.903809 0.000000 2378.965088 0.000000 0.676354 0.000000 -0.736576 0.205271 0.205271 0.205271
4320.706543 0.000000 2376.492920 0.000000 0.748291 0.000000 -0.663371 0.200605 0.200605 0.200605
4318.455078 0.000000 2378.422363 0.000000 0.738568 0.000000 -0.674179 0.204710 0.204710 0.204710
4323.340820 0.000000 2373.598877 0.000000 0.685453 0.000000 -0.728117 0.205192 0.205192 0.205192
4319.837402 0.000000 2379.152100 0.000000 0.622536 0.000000 -0.782591 0.205722 0.205722 0.205722
4656.014648 0.000000 2263.283936 0.000000 0.485298 0.000000 -0.874349 0.206774 0.206774 0.206774
6846.112305 0.000000 2529.231201 0.000000 0.016986 0.000000 -0.999856 0.196957 0.196957 0.196957
6834.278320 0.000000 2516.021484 0.000000 0.433728 0.000000 -0.901044 0.189157 0.189157 0.189157
6841.532715 0.000000 2500.287109 0.000000 0.062731 0.000000 -0.998030 0.194335 0.194335 0.194335
6841.361328 0.000000 2498.101807 0.000000 0.398872 0.000000 -0.917007 0.186475 0.186475 0.186475
6858.048340 0.000000 2530.812744 0.000000 0.020197 0.000000 -0.999796 0.203405 0.203405 0.203405
6884.049805 0.000000 2521.602051 0.000000 0.061324 0.000000 -0.998118 0.207848 0.207848 0.207848
6857.424316 0.000000 2513.186279 0.000000 0.258498 0.000000 -0.966012 0.175072 0.175072 0.175072
6861.646484 0.000000 2526.058838 0.000000 0.069381 0.000000 -0.997590 0.209558 0.209558 0.209558
6857.306152 0.000000 2510.987061 0.000000 0.454447 0.000000 -0.890774 0.190762 0.190762 0.190762
6859.577637 0.000000 2529.333740 0.000000 0.598662 0.000000 -0.801002 0.205914 0.205914 0.205914
6885.990723 0.000000 2521.949951 0.000000 0.137134 0.000000 -0.990552 0.207367 0.207367 0.207367
6877.530273 0.000000 2539.485840 0.000000 0.061010 0.000000 -0.998137 0.194346 0.194346 0.194346
6872.941406 0.000000 2535.540283 0.000000 0.269158 0.000000 -0.963096 0.208265 0.208265 0.208265
6875.848633 0.000000 2538.971680 0.000000 0.553279 0.000000 -0.832996 0.206268 0.206268 0.206268
6873.668945 0.000000 2534.409180 0.000000 0.437067 0.000000 -0.899429 0.207120 0.207120 0.207120
6859.726562 0.000000 2528.191406 0.000000 0.228439 0.000000 -0.973558 0.208533 0.208533 0.208533
6859.498535 0.000000 2526.590820 0.000000 0.350388 0.000000 -0.936604 0.207721 0.207721 0.207721
6878.802246 0.000000 2541.857910 0.000000 0.526501 0.000000 -0.850174 0.206470 0.206470 0.206470
6874.844238 0.000000 2543.514404 0.000000 0.557808 0.000000 -0.829970 0.206233 0.206233 0.206233
6878.089844 0.000000 2570.732178 0.000000 0.437788 0.000000 -0.899078 0.207115 0.207115 0.207115
6857.349609 0.000000 2594.352051 0.000000 0.565133 0.000000 -0.825000 0.185963 0.185963 0.185963
6878.632324 0.000000 2569.106934 0.000000 0.265368 0.000000 -0.964147 0.208290 0.208290 0.208290
6876.560059 0.000000 2571.073242 0.000000 0.793633 0.000000 -0.608397 0.204164 0.204164 0.204164
6874.844727 0.000000 2567.121582 0.000000 0.449208 0.000000 -0.893427 0.207034 0.207034 0.207034
6857.653320 0.000000 2598.176758 0.000000 0.630859 0.000000 -0.775898 0.205654 0.205654 0.205654
6870.690430 0.000000 2626.298096 0.000000 0.539308 0.000000 -0.842109 0.205796 0.205796 0.205796
6901.811523 0.000000 2639.580322 0.000000 0.228045 0.000000 -0.973651 0.175240 0.175240 0.175240
6864.764160 0.000000 2614.233154 0.000000 0.569372 0.000000 -0.822080 0.180159 0.180159 0.180159
6899.473145 0.000000 2638.659180 0.000000 0.140651 0.000000 -0.990059 0.209102 0.209102 0.209102
6870.645996 0.000000 2628.947021 0.000000 0.477369 0.000000 -0.878703 0.186554 0.186554 0.186554
6900.105469 0.000000 2640.672119 0.000000 0.081701 0.000000 -0.996657 0.209479 0.209479 0.209479
6862.853027 0.000000 2615.183105 0.000000 0.237586 0.000000 -0.971367 0.195626 0.195626 0.195626
6896.736816 0.000000 2644.968018 0.000000 0.770895 0.000000 -0.636962 0.198098 0.198098 0.198098
6871.405273 0.000000 2627.650391 0.000000 0.406576 0.000000 -0.913617 0.206754 0.206754 0.206754
6895.139160 0.000000 2612.199463 0.000000 0.061243 0.000000 -0.998123 0.209610 0.209610 0.209610
6901.717285 0.000000 2643.763672 0.000000 0.479004 0.000000 -0.877813 0.206820 0.206820 0.206820
6896.071777 0.000000 2622.041016 0.000000 0.178366 0.000000 -0.983964 0.208858 0.208858 0.208858
6898.104492 0.000000 2642.994873 0.000000 0.635367 0.000000 -0.772210 0.205617 0.205617 0.205617
6860.652344 0.000000 2680.192383 0.000000 0.298439 0.000000 -0.954429 0.208071 0.208071 0.208071
6864.310547 0.000000 2679.560303 0.000000 0.448065 0.000000 -0.894001 0.207042 0.207042 0.207042
6865.983398 0.000000 2676.133789 0.000000 0.466451 0.000000 -0.884547 0.206911 0.206911 0.206911
6896.601562 0.000000 2659.607910 0.000000 0.392384 0.000000 -0.919801 0.207433 0.207433 0.207433
6862.324707 0.000000 2678.653564 0.000000 0.032505 0.000000 -0.999472 0.209793 0.209793 0.209793
6862.941895 0.000000 2680.406250 0.000000 0.711204 0.000000 -0.702986 0.204963 0.204963 0.204963
6896.982910 0.000000 2658.196777 0.000000 0.694613 0.000000 -0.719384 0.205112 0.205112 0.205112
6897.868164 0.000000 2659.206787 0.000000 0.719270 0.000000 -0.694731 0.204890 0.204890 0.204890
6860.520508 0.000000 2681.399658 0.000000 0.732625 0.000000 -0.680633 0.204766 0.204766 0.204766
6865.163574 0.000000 2675.186279 0.000000 0.268989 0.000000 -0.963143 0.208266 0.208266 0.208266
6864.823242 0.000000 2676.370361 0.000000 0.318620 0.000000 -0.947882 0.207936 0.207936 0.207936
6862.829590 0.000000 2677.645996 0.000000 0.298395 0.000000 -0.954442 0.208071 0.208071 0.208071
6896.014648 0.000000 2658.674561 0.000000 0.389322 0.000000 -0.921102 0.207454 0.207454 0.207454
7653.460449 0.000000 2912.038330 0.000000 0.316093 0.000000 -0.948728 0.207953 0.207953 0.207953
"}
