object={
	name="european_dynamic_mining_objects_generator_1_0"
	clamp_to_water_level=no
	render_under_water=no
	generated_content=yes
	layer="mines_dynamic"
	pdxmesh="generic_rural_mining_coaldepo_01_mesh"
	count=247
	transform="7154.281250 0.000000 833.850464 0.000000 0.776717 0.000000 0.629849 1.000000 1.000000 1.000000
7165.733887 0.000000 824.991455 0.000000 0.364780 0.000000 0.931094 0.000000 0.000000 0.000000
7164.270508 0.000000 839.115112 0.000000 0.264027 0.000000 0.964515 1.000000 1.000000 1.000000
7156.449707 0.000000 823.541748 0.000000 0.637784 0.000000 0.770215 1.000000 1.000000 1.000000
7156.885254 0.000000 842.532349 0.000000 0.791486 0.000000 0.611188 1.000000 1.000000 1.000000
7151.365234 0.000000 821.584900 0.000000 0.352044 0.000000 0.935983 0.000000 0.000000 0.000000
7149.060059 0.000000 833.173035 0.000000 0.914737 0.000000 0.404050 1.000000 1.000000 1.000000
7142.720703 0.000000 837.515930 0.000000 0.788332 0.000000 0.615250 1.000000 1.000000 1.000000
7161.614258 0.000000 843.162415 0.000000 0.724068 0.000000 0.689729 0.000000 0.000000 0.000000
7145.605957 0.000000 828.262756 0.000000 0.515704 0.000000 0.856767 1.000000 1.000000 1.000000
7146.064453 0.000000 842.105042 0.000000 0.892262 0.000000 0.451518 0.000000 0.000000 0.000000
7165.935547 0.000000 820.811279 0.000000 0.285996 0.000000 0.958231 0.000000 0.000000 0.000000
7162.308594 0.000000 835.380798 0.000000 0.694892 0.000000 0.719114 1.000000 1.000000 1.000000
7151.152344 0.000000 836.251953 0.000000 0.520830 0.000000 0.853660 1.000000 1.000000 1.000000
7159.010742 0.000000 845.734192 0.000000 0.380033 0.000000 0.924973 0.000000 0.000000 0.000000
7133.565918 0.000000 834.080017 0.000000 0.794620 0.000000 0.607107 0.000000 0.000000 0.000000
7153.605957 0.000000 843.635132 0.000000 0.462453 0.000000 0.886644 1.000000 1.000000 1.000000
7156.392090 0.000000 839.167969 0.000000 0.017176 0.000000 0.999852 1.000000 1.000000 1.000000
7152.015137 0.000000 818.562683 0.000000 0.563785 0.000000 0.825922 0.000000 0.000000 0.000000
7164.718750 0.000000 832.012695 0.000000 0.755452 0.000000 0.655204 1.000000 1.000000 1.000000
7157.008789 0.000000 835.003113 0.000000 0.908344 0.000000 0.418224 1.000000 1.000000 1.000000
7166.888184 0.000000 827.406250 0.000000 0.817393 0.000000 0.576081 0.000000 0.000000 0.000000
7142.885742 0.000000 834.942932 0.000000 0.573485 0.000000 0.819216 1.000000 1.000000 1.000000
7162.085938 0.000000 837.939880 0.000000 0.748524 0.000000 0.663108 1.000000 1.000000 1.000000
7142.352539 0.000000 839.969788 0.000000 0.056569 0.000000 0.998399 1.000000 1.000000 1.000000
7167.545410 0.000000 822.740356 0.000000 0.823132 0.000000 0.567850 1.000000 1.000000 1.000000
7154.714844 0.000000 841.254150 0.000000 0.550938 0.000000 0.834546 1.000000 1.000000 1.000000
7150.583984 0.000000 839.561829 0.000000 0.482291 0.000000 0.876011 0.000000 0.000000 0.000000
7164.370605 0.000000 836.677917 0.000000 0.457795 0.000000 0.889058 1.000000 1.000000 1.000000
7167.291016 0.000000 847.670715 0.000000 0.844077 0.000000 0.536222 0.000000 0.000000 0.000000
7373.467773 0.000000 636.883423 0.000000 0.116998 0.000000 0.993132 1.000000 1.000000 1.000000
7382.797363 0.000000 622.302734 0.000000 0.883039 0.000000 0.469300 0.000000 0.000000 0.000000
7386.840820 0.000000 648.032471 0.000000 0.862587 0.000000 0.505909 0.000000 0.000000 0.000000
7362.164551 0.000000 640.699646 0.000000 0.883518 0.000000 0.468397 0.000000 0.000000 0.000000
7374.124512 0.000000 650.336914 0.000000 0.346500 0.000000 0.938050 0.000000 0.000000 0.000000
7386.616699 0.000000 627.537537 0.000000 0.628043 0.000000 0.778179 1.000000 1.000000 1.000000
7394.074219 0.000000 626.847900 0.000000 0.860156 0.000000 0.510031 0.000000 0.000000 0.000000
7367.650879 0.000000 638.815491 0.000000 0.894138 0.000000 0.447791 1.000000 1.000000 1.000000
7369.095215 0.000000 633.315552 0.000000 0.856556 0.000000 0.516055 1.000000 1.000000 1.000000
7386.661621 0.000000 642.765808 0.000000 0.707737 0.000000 0.706476 1.000000 1.000000 1.000000
7377.626465 0.000000 626.537598 0.000000 0.882922 0.000000 0.469519 0.000000 0.000000 0.000000
7378.409180 0.000000 649.737671 0.000000 0.745086 0.000000 0.666968 0.000000 0.000000 0.000000
7391.822266 0.000000 647.389221 0.000000 0.040451 0.000000 0.999182 1.000000 1.000000 1.000000
7383.828125 0.000000 645.504944 0.000000 0.836628 0.000000 0.547771 1.000000 1.000000 1.000000
7376.310547 0.000000 646.122742 0.000000 0.510439 0.000000 0.859914 1.000000 1.000000 1.000000
7388.683105 0.000000 634.762024 0.000000 0.747744 0.000000 0.663988 1.000000 1.000000 1.000000
7377.983398 0.000000 642.696350 0.000000 0.310814 0.000000 0.950471 1.000000 1.000000 1.000000
7364.061523 0.000000 637.537720 0.000000 0.185332 0.000000 0.982676 0.000000 0.000000 0.000000
7388.263672 0.000000 630.624146 0.000000 0.469522 0.000000 0.882921 1.000000 1.000000 1.000000
7389.234863 0.000000 645.036926 0.000000 0.288660 0.000000 0.957432 1.000000 1.000000 1.000000
7389.587891 0.000000 640.995911 0.000000 0.893357 0.000000 0.449347 1.000000 1.000000 1.000000
7371.269531 0.000000 630.658203 0.000000 0.555314 0.000000 0.831641 0.000000 0.000000 0.000000
7384.357910 0.000000 629.839111 0.000000 0.712015 0.000000 0.702164 1.000000 1.000000 1.000000
7366.798828 0.000000 635.595093 0.000000 0.126689 0.000000 0.991942 1.000000 1.000000 1.000000
7391.085938 0.000000 628.956970 0.000000 0.419390 0.000000 0.907806 1.000000 1.000000 1.000000
7369.939941 0.000000 636.616577 0.000000 0.494701 0.000000 0.869063 1.000000 1.000000 1.000000
7372.424805 0.000000 639.747864 0.000000 0.261829 0.000000 0.965114 1.000000 1.000000 1.000000
7372.406250 0.000000 622.276428 0.000000 0.515966 0.000000 0.856609 0.000000 0.000000 0.000000
7376.764160 0.000000 637.280090 0.000000 0.060944 0.000000 0.998141 0.000000 0.000000 0.000000
7371.443359 0.000000 651.315186 0.000000 0.562661 0.000000 0.826688 0.000000 0.000000 0.000000
7384.982910 0.000000 625.202026 0.000000 0.867684 0.000000 0.497116 0.000000 0.000000 0.000000
7375.844238 0.000000 624.455322 0.000000 0.774115 0.000000 0.633045 0.000000 0.000000 0.000000
7387.116211 0.000000 639.803345 0.000000 0.363501 0.000000 0.931594 0.000000 0.000000 0.000000
7370.422852 0.000000 645.075684 0.000000 0.425922 0.000000 0.904760 1.000000 1.000000 1.000000
7386.616211 0.000000 645.410522 0.000000 0.888670 0.000000 0.458548 1.000000 1.000000 1.000000
7395.895020 0.000000 633.841736 0.000000 0.012651 0.000000 0.999920 0.000000 0.000000 0.000000
7303.674805 0.000000 758.242920 0.000000 0.267186 0.000000 0.963645 0.000000 0.000000 0.000000
7321.268555 0.000000 750.705994 0.000000 0.807875 0.000000 0.589355 0.000000 0.000000 0.000000
7329.639160 0.000000 764.334473 0.000000 0.580674 0.000000 0.814136 1.000000 1.000000 1.000000
7341.233887 0.000000 760.194153 0.000000 0.674225 0.000000 0.738526 0.000000 0.000000 0.000000
7296.315430 0.000000 760.722473 0.000000 0.156713 0.000000 0.987644 0.000000 0.000000 0.000000
7334.465332 0.000000 759.394592 0.000000 0.793610 0.000000 0.608427 0.000000 0.000000 0.000000
7310.146973 0.000000 756.150330 0.000000 0.162116 0.000000 0.986772 1.000000 1.000000 1.000000
7315.298340 0.000000 752.244080 0.000000 0.033670 0.000000 0.999433 1.000000 1.000000 1.000000
7347.521484 0.000000 762.305725 0.000000 0.511962 0.000000 0.859008 0.000000 0.000000 0.000000
7322.548828 0.000000 775.609924 0.000000 0.871756 0.000000 0.489940 0.000000 0.000000 0.000000
7300.861816 0.000000 762.251404 0.000000 0.614672 0.000000 0.788783 0.000000 0.000000 0.000000
7327.822266 0.000000 760.357971 0.000000 0.059107 0.000000 0.998252 0.000000 0.000000 0.000000
7332.219727 0.000000 774.454346 0.000000 0.035920 0.000000 0.999355 0.000000 0.000000 0.000000
7319.828125 0.000000 758.473694 0.000000 0.541075 0.000000 0.840974 0.000000 0.000000 0.000000
7301.963867 0.000000 754.995850 0.000000 0.479918 0.000000 0.877313 0.000000 0.000000 0.000000
7325.234863 0.000000 758.005676 0.000000 0.164930 0.000000 0.986305 1.000000 1.000000 1.000000
7326.089844 0.000000 763.232178 0.000000 0.018248 0.000000 0.999834 0.000000 0.000000 0.000000
7335.131348 0.000000 769.276001 0.000000 0.552457 0.000000 0.833541 0.000000 0.000000 0.000000
7322.132812 0.000000 768.748718 0.000000 0.499930 0.000000 0.866066 1.000000 1.000000 1.000000
7334.737793 0.000000 772.774780 0.000000 0.622788 0.000000 0.782390 0.000000 0.000000 0.000000
7318.343750 0.000000 751.689087 0.000000 0.022662 0.000000 0.999743 0.000000 0.000000 0.000000
7311.212891 0.000000 746.750183 0.000000 0.205062 0.000000 0.978749 0.000000 0.000000 0.000000
7306.422852 0.000000 758.044434 0.000000 0.913696 0.000000 0.406399 1.000000 1.000000 1.000000
7338.452148 0.000000 769.231018 0.000000 0.929818 0.000000 0.368019 0.000000 0.000000 0.000000
7322.616211 0.000000 758.379272 0.000000 0.267359 0.000000 0.963597 0.000000 0.000000 0.000000
7329.496582 0.000000 758.527649 0.000000 0.887301 0.000000 0.461191 0.000000 0.000000 0.000000
7335.437012 0.000000 761.678772 0.000000 0.320080 0.000000 0.947391 0.000000 0.000000 0.000000
7168.354004 0.000000 838.749146 0.000000 0.882446 0.000000 0.470413 1.000000 1.000000 1.000000
7168.290527 0.000000 825.146423 0.000000 0.730034 0.000000 0.683411 1.000000 1.000000 1.000000
7175.693359 0.000000 822.613831 0.000000 0.300898 0.000000 0.953656 0.000000 0.000000 0.000000
7171.716309 0.000000 831.887390 0.000000 0.206957 0.000000 0.978350 1.000000 1.000000 1.000000
7169.469238 0.000000 845.329346 0.000000 0.486569 0.000000 0.873642 0.000000 0.000000 0.000000
7173.002930 0.000000 826.909241 0.000000 0.178127 0.000000 0.984007 0.000000 0.000000 0.000000
7169.602051 0.000000 821.154541 0.000000 0.054218 0.000000 0.998529 0.000000 0.000000 0.000000
7171.856934 0.000000 840.853210 0.000000 0.824028 0.000000 0.566549 0.000000 0.000000 0.000000
7170.892090 0.000000 828.982544 0.000000 0.693851 0.000000 0.720119 1.000000 1.000000 1.000000
7177.349609 0.000000 843.336304 0.000000 0.165428 0.000000 0.986222 0.000000 0.000000 0.000000
7170.854492 0.000000 838.328186 0.000000 0.434288 0.000000 0.900774 1.000000 1.000000 1.000000
7168.173340 0.000000 849.090271 0.000000 0.763103 0.000000 0.646277 0.000000 0.000000 0.000000
7420.270508 0.000000 895.599487 0.000000 0.644733 0.000000 0.764408 0.000000 0.000000 0.000000
7404.186523 0.000000 894.973816 0.000000 0.567089 0.000000 0.823657 0.000000 0.000000 0.000000
7410.569336 0.000000 903.239441 0.000000 0.275509 0.000000 0.961298 1.000000 1.000000 1.000000
7418.308594 0.000000 891.865173 0.000000 0.284212 0.000000 0.958761 1.000000 1.000000 1.000000
7416.579102 0.000000 896.428040 0.000000 0.607629 0.000000 0.794221 0.000000 0.000000 0.000000
7409.605957 0.000000 900.119507 0.000000 0.190726 0.000000 0.981643 1.000000 1.000000 1.000000
7410.616699 0.000000 893.318848 0.000000 0.319003 0.000000 0.947754 1.000000 1.000000 1.000000
7415.879395 0.000000 890.460449 0.000000 0.441376 0.000000 0.897322 0.000000 0.000000 0.000000
7422.830566 0.000000 894.500732 0.000000 0.823419 0.000000 0.567433 0.000000 0.000000 0.000000
7407.961914 0.000000 902.525513 0.000000 0.513024 0.000000 0.858374 0.000000 0.000000 0.000000
7418.085938 0.000000 894.424255 0.000000 0.413595 0.000000 0.910461 0.000000 0.000000 0.000000
7412.503418 0.000000 901.683228 0.000000 0.924985 0.000000 0.380003 1.000000 1.000000 1.000000
7410.714844 0.000000 897.738525 0.000000 0.893184 0.000000 0.449691 0.000000 0.000000 0.000000
7440.020996 0.000000 891.493896 0.000000 0.101372 0.000000 0.994849 0.000000 0.000000 0.000000
7437.883301 0.000000 895.761841 0.000000 0.596543 0.000000 0.802581 1.000000 1.000000 1.000000
7441.216309 0.000000 887.146912 0.000000 0.778950 0.000000 0.627086 0.000000 0.000000 0.000000
7442.867188 0.000000 890.229553 0.000000 0.858921 0.000000 0.512108 0.000000 0.000000 0.000000
7439.660156 0.000000 898.430908 0.000000 0.705240 0.000000 0.708969 0.000000 0.000000 0.000000
7436.244629 0.000000 897.882263 0.000000 0.564510 0.000000 0.825426 1.000000 1.000000 1.000000
8061.041992 0.000000 507.533142 0.000000 0.574683 0.000000 0.818376 0.000000 0.000000 0.000000
8058.085938 0.000000 499.033600 0.000000 0.492494 0.000000 0.870316 0.000000 0.000000 0.000000
8052.503418 0.000000 506.292572 0.000000 0.880647 0.000000 0.473772 0.000000 0.000000 0.000000
8054.117188 0.000000 515.380798 0.000000 0.798206 0.000000 0.602384 0.000000 0.000000 0.000000
8122.308594 0.000000 552.958923 0.000000 0.299898 0.000000 0.953971 0.000000 0.000000 0.000000
8125.524414 0.000000 570.357178 0.000000 0.288462 0.000000 0.957491 0.000000 0.000000 0.000000
8125.449707 0.000000 574.329895 0.000000 0.796424 0.000000 0.604738 0.000000 0.000000 0.000000
8133.348633 0.000000 573.285522 0.000000 0.216686 0.000000 0.976241 0.000000 0.000000 0.000000
8128.110840 0.000000 575.208252 0.000000 0.787151 0.000000 0.616760 0.000000 0.000000 0.000000
6829.255371 0.000000 958.625488 0.000000 0.541273 0.000000 0.840847 1.000000 1.000000 1.000000
6839.010742 0.000000 958.702942 0.000000 0.302546 0.000000 0.953135 0.000000 0.000000 0.000000
6826.622559 0.000000 957.775085 0.000000 0.891684 0.000000 0.452658 0.000000 0.000000 0.000000
6831.961914 0.000000 959.009888 0.000000 0.610319 0.000000 0.792156 0.000000 0.000000 0.000000
6803.921875 0.000000 984.559814 0.000000 0.605945 0.000000 0.795506 0.000000 0.000000 0.000000
6829.901367 0.000000 961.188782 0.000000 0.164233 0.000000 0.986422 0.000000 0.000000 0.000000
6841.786621 0.000000 964.759216 0.000000 0.432807 0.000000 0.901487 0.000000 0.000000 0.000000
6845.449707 0.000000 969.720520 0.000000 0.039841 0.000000 0.999206 0.000000 0.000000 0.000000
6813.234863 0.000000 983.943176 0.000000 0.711394 0.000000 0.702793 0.000000 0.000000 0.000000
6842.815430 0.000000 967.803528 0.000000 0.444699 0.000000 0.895680 0.000000 0.000000 0.000000
6806.343750 0.000000 977.626587 0.000000 0.713940 0.000000 0.700207 0.000000 0.000000 0.000000
6810.616211 0.000000 984.316772 0.000000 0.777563 0.000000 0.628805 1.000000 1.000000 1.000000
6848.110840 0.000000 970.598877 0.000000 0.390806 0.000000 0.920473 0.000000 0.000000 0.000000
7154.281250 0.000000 1059.787964 0.000000 0.033823 0.000000 0.999428 1.000000 1.000000 1.000000
7143.866699 0.000000 1058.422363 0.000000 0.848350 0.000000 0.529435 1.000000 1.000000 1.000000
7167.419434 0.000000 1038.590820 0.000000 0.245086 0.000000 0.969501 0.000000 0.000000 0.000000
7156.885254 0.000000 1068.469849 0.000000 0.873269 0.000000 0.487239 0.000000 0.000000 0.000000
7161.426758 0.000000 1034.117676 0.000000 0.425292 0.000000 0.905056 0.000000 0.000000 0.000000
7130.840820 0.000000 1043.423096 0.000000 0.238967 0.000000 0.971028 0.000000 0.000000 0.000000
7148.186523 0.000000 1064.427002 0.000000 0.136848 0.000000 0.990592 1.000000 1.000000 1.000000
7150.271484 0.000000 1054.007202 0.000000 0.763502 0.000000 0.645805 0.000000 0.000000 0.000000
7140.049805 0.000000 1053.008301 0.000000 0.748151 0.000000 0.663529 0.000000 0.000000 0.000000
7153.916504 0.000000 1034.508789 0.000000 0.169074 0.000000 0.985603 0.000000 0.000000 0.000000
7153.044434 0.000000 1065.402710 0.000000 0.922103 0.000000 0.386943 1.000000 1.000000 1.000000
7162.165039 0.000000 1039.269409 0.000000 0.482531 0.000000 0.875879 0.000000 0.000000 0.000000
7161.614258 0.000000 1069.099854 0.000000 0.396331 0.000000 0.918108 0.000000 0.000000 0.000000
7150.917969 0.000000 1038.033447 0.000000 0.922747 0.000000 0.385405 0.000000 0.000000 0.000000
7160.851562 0.000000 1048.331177 0.000000 0.520420 0.000000 0.853910 1.000000 1.000000 1.000000
7135.822266 0.000000 1042.779907 0.000000 0.310994 0.000000 0.950412 0.000000 0.000000 0.000000
7163.875488 0.000000 1030.924927 0.000000 0.850507 0.000000 0.525964 0.000000 0.000000 0.000000
7157.811523 0.000000 1058.017822 0.000000 0.170689 0.000000 0.985325 1.000000 1.000000 1.000000
7150.444824 0.000000 1068.080933 0.000000 0.883742 0.000000 0.467974 0.000000 0.000000 0.000000
7145.927734 0.000000 1061.452026 0.000000 0.881442 0.000000 0.472292 1.000000 1.000000 1.000000
7134.089844 0.000000 1045.654053 0.000000 0.537194 0.000000 0.843459 0.000000 0.000000 0.000000
7128.763672 0.000000 1047.449951 0.000000 0.616527 0.000000 0.787334 0.000000 0.000000 0.000000
7160.579102 0.000000 1065.881104 0.000000 0.588687 0.000000 0.808361 0.000000 0.000000 0.000000
7163.669434 0.000000 1036.423584 0.000000 0.114185 0.000000 0.993460 0.000000 0.000000 0.000000
7156.392090 0.000000 1065.105469 0.000000 0.044925 0.000000 0.998990 1.000000 1.000000 1.000000
7154.335449 0.000000 1037.611816 0.000000 0.794409 0.000000 0.607384 0.000000 0.000000 0.000000
7146.699707 0.000000 1057.097534 0.000000 0.621487 0.000000 0.783425 0.000000 0.000000 0.000000
7142.737793 0.000000 1055.196655 0.000000 0.428544 0.000000 0.903521 0.000000 0.000000 0.000000
7157.610352 0.000000 1052.211548 0.000000 0.876609 0.000000 0.481203 0.000000 0.000000 0.000000
7164.718750 0.000000 1057.950195 0.000000 0.894690 0.000000 0.446688 1.000000 1.000000 1.000000
7162.988770 0.000000 1050.352783 0.000000 0.202810 0.000000 0.979218 1.000000 1.000000 1.000000
7159.879395 0.000000 1059.913574 0.000000 0.524347 0.000000 0.851505 1.000000 1.000000 1.000000
7164.880859 0.000000 1039.948486 0.000000 0.798266 0.000000 0.602305 0.000000 0.000000 0.000000
7160.270996 0.000000 1037.228516 0.000000 0.599443 0.000000 0.800417 0.000000 0.000000 0.000000
7163.206543 0.000000 1046.699463 0.000000 0.454378 0.000000 0.890809 1.000000 1.000000 1.000000
7159.542480 0.000000 1039.848511 0.000000 0.760084 0.000000 0.649824 0.000000 0.000000 0.000000
7149.452148 0.000000 1045.288574 0.000000 0.809154 0.000000 0.587596 0.000000 0.000000 0.000000
7150.630859 0.000000 1040.495361 0.000000 0.640432 0.000000 0.768015 1.000000 1.000000 1.000000
7143.437012 0.000000 1044.100708 0.000000 0.791820 0.000000 0.610755 0.000000 0.000000 0.000000
7150.583984 0.000000 1065.499268 0.000000 0.358017 0.000000 0.933715 1.000000 1.000000 1.000000
7161.397461 0.000000 1054.869019 0.000000 0.518577 0.000000 0.855031 1.000000 1.000000 1.000000
7414.803711 0.000000 905.816162 0.000000 0.880161 0.000000 0.474675 1.000000 1.000000 1.000000
7423.683594 0.000000 916.790405 0.000000 0.615790 0.000000 0.787911 1.000000 1.000000 1.000000
7405.901367 0.000000 904.704407 0.000000 0.262582 0.000000 0.964910 0.000000 0.000000 0.000000
7421.524414 0.000000 909.263428 0.000000 0.865400 0.000000 0.501081 1.000000 1.000000 1.000000
7405.791016 0.000000 917.088135 0.000000 0.720214 0.000000 0.693752 0.000000 0.000000 0.000000
7414.117188 0.000000 910.771423 0.000000 0.046453 0.000000 0.998921 1.000000 1.000000 1.000000
7410.317383 0.000000 906.941162 0.000000 0.739276 0.000000 0.673402 1.000000 1.000000 1.000000
7413.757812 0.000000 923.114746 0.000000 0.644915 0.000000 0.764254 0.000000 0.000000 0.000000
7415.430664 0.000000 917.627014 0.000000 0.827696 0.000000 0.561177 0.000000 0.000000 0.000000
7404.817383 0.000000 913.276001 0.000000 0.887611 0.000000 0.460594 0.000000 0.000000 0.000000
7408.446289 0.000000 914.580811 0.000000 0.142933 0.000000 0.989732 0.000000 0.000000 0.000000
7405.457031 0.000000 907.963562 0.000000 0.611368 0.000000 0.791347 0.000000 0.000000 0.000000
7412.340820 0.000000 904.086060 0.000000 0.866884 0.000000 0.498509 1.000000 1.000000 1.000000
7409.495117 0.000000 903.850037 0.000000 0.537477 0.000000 0.843278 1.000000 1.000000 1.000000
7410.542480 0.000000 909.548523 0.000000 0.210228 0.000000 0.977652 1.000000 1.000000 1.000000
7407.681152 0.000000 906.651794 0.000000 0.073193 0.000000 0.997318 0.000000 0.000000 0.000000
7421.258301 0.000000 915.764343 0.000000 0.415798 0.000000 0.909457 1.000000 1.000000 1.000000
7177.163574 0.000000 1056.019531 0.000000 0.511250 0.000000 0.859432 0.000000 0.000000 0.000000
7173.002930 0.000000 1052.846802 0.000000 0.724611 0.000000 0.689158 0.000000 0.000000 0.000000
7172.861816 0.000000 1044.673340 0.000000 0.599389 0.000000 0.800458 0.000000 0.000000 0.000000
7179.937012 0.000000 1049.488159 0.000000 0.777065 0.000000 0.629420 0.000000 0.000000 0.000000
7175.290527 0.000000 1059.563843 0.000000 0.375673 0.000000 0.926752 0.000000 0.000000 0.000000
7172.219238 0.000000 1049.352905 0.000000 0.919090 0.000000 0.394049 0.000000 0.000000 0.000000
7170.892090 0.000000 1054.920044 0.000000 0.278917 0.000000 0.960315 0.000000 0.000000 0.000000
7170.786133 0.000000 1051.619385 0.000000 0.862923 0.000000 0.505335 0.000000 0.000000 0.000000
7170.873047 0.000000 1043.009033 0.000000 0.569715 0.000000 0.821842 0.000000 0.000000 0.000000
7427.834473 0.000000 903.752502 0.000000 0.832505 0.000000 0.554017 0.000000 0.000000 0.000000
7433.453613 0.000000 910.069397 0.000000 0.615929 0.000000 0.787802 0.000000 0.000000 0.000000
7433.095215 0.000000 915.737427 0.000000 0.780050 0.000000 0.625718 0.000000 0.000000 0.000000
7441.893555 0.000000 917.064758 0.000000 0.772130 0.000000 0.635465 0.000000 0.000000 0.000000
7436.396484 0.000000 916.257751 0.000000 0.546493 0.000000 0.837464 0.000000 0.000000 0.000000
7430.202148 0.000000 915.262817 0.000000 0.022986 0.000000 0.999736 0.000000 0.000000 0.000000
7428.015137 0.000000 909.837097 0.000000 0.804026 0.000000 0.594595 1.000000 1.000000 1.000000
7424.974121 0.000000 916.457764 0.000000 0.916748 0.000000 0.399467 1.000000 1.000000 1.000000
7997.733887 0.000000 3423.272705 0.000000 0.735477 0.000000 0.677550 0.000000 0.000000 0.000000
7996.270508 0.000000 3437.396240 0.000000 0.241625 0.000000 0.970370 1.000000 1.000000 1.000000
7997.935547 0.000000 3419.092529 0.000000 0.529696 0.000000 0.848187 0.000000 0.000000 0.000000
7989.811523 0.000000 3430.361572 0.000000 0.703024 0.000000 0.711166 0.000000 0.000000 0.000000
7984.763672 0.000000 3428.868896 0.000000 0.540419 0.000000 0.841396 0.000000 0.000000 0.000000
7985.605957 0.000000 3441.916260 0.000000 0.258153 0.000000 0.966104 0.000000 0.000000 0.000000
7994.107422 0.000000 3444.262939 0.000000 0.171119 0.000000 0.985250 0.000000 0.000000 0.000000
7994.988770 0.000000 3422.696533 0.000000 0.603978 0.000000 0.797001 0.000000 0.000000 0.000000
8000.354004 0.000000 3437.030273 0.000000 0.828454 0.000000 0.560056 1.000000 1.000000 1.000000
8000.290527 0.000000 3423.427734 0.000000 0.692923 0.000000 0.721011 0.000000 0.000000 0.000000
8006.599121 0.000000 3442.163330 0.000000 0.599658 0.000000 0.800256 0.000000 0.000000 0.000000
8007.693359 0.000000 3420.895020 0.000000 0.590127 0.000000 0.807310 0.000000 0.000000 0.000000
8001.469238 0.000000 3443.610596 0.000000 0.171644 0.000000 0.985159 1.000000 1.000000 1.000000
8004.957031 0.000000 3435.229492 0.000000 0.537093 0.000000 0.843523 1.000000 1.000000 1.000000
8000.390625 0.000000 3432.612549 0.000000 0.523946 0.000000 0.851751 1.000000 1.000000 1.000000
8000.073242 0.000000 3427.624023 0.000000 0.077164 0.000000 0.997018 1.000000 1.000000 1.000000
8017.216309 0.000000 3428.943848 0.000000 0.243889 0.000000 0.969803 0.000000 0.000000 0.000000
8004.219238 0.000000 3421.696533 0.000000 0.418330 0.000000 0.908295 0.000000 0.000000 0.000000
8010.749023 0.000000 3431.255371 0.000000 0.541407 0.000000 0.840760 0.000000 0.000000 0.000000
8009.349609 0.000000 3441.617676 0.000000 0.200213 0.000000 0.979752 1.000000 1.000000 1.000000
8007.290527 0.000000 3423.734863 0.000000 0.463664 0.000000 0.886011 0.000000 0.000000 0.000000
8003.898438 0.000000 3441.819092 0.000000 0.414887 0.000000 0.909873 1.000000 1.000000 1.000000
8002.786133 0.000000 3423.963135 0.000000 0.439389 0.000000 0.898297 0.000000 0.000000 0.000000
8007.626953 0.000000 3435.412842 0.000000 0.797791 0.000000 0.602935 1.000000 1.000000 1.000000
7990.803711 0.000000 3447.613037 0.000000 0.454057 0.000000 0.890973 0.000000 0.000000 0.000000
7994.875000 0.000000 3445.701416 0.000000 0.039214 0.000000 0.999231 0.000000 0.000000 0.000000
"}
object={
	name="european_dynamic_mining_objects_generator_1_1"
	clamp_to_water_level=no
	render_under_water=no
	generated_content=yes
	layer="mines_dynamic"
	pdxmesh="generic_rural_mining_coaldepo_02_mesh"
	count=199
	transform="7150.271484 0.000000 828.069763 0.000000 0.931219 0.000000 -0.364459 0.000000 0.000000 0.000000
7165.041992 0.000000 846.439392 0.000000 0.935077 0.000000 -0.354444 0.000000 0.000000 0.000000
7153.044434 0.000000 839.465210 0.000000 0.953246 0.000000 0.302195 1.000000 1.000000 1.000000
7137.638184 0.000000 837.549866 0.000000 0.873849 0.000000 -0.486197 0.000000 0.000000 0.000000
7166.612305 0.000000 842.421509 0.000000 0.940286 0.000000 0.340385 0.000000 0.000000 0.000000
7157.811523 0.000000 832.080322 0.000000 0.982035 0.000000 0.188700 1.000000 1.000000 1.000000
7153.158691 0.000000 825.409607 0.000000 0.967702 0.000000 -0.252098 0.000000 0.000000 0.000000
7150.444824 0.000000 842.143494 0.000000 0.914691 0.000000 -0.404153 0.000000 0.000000 0.000000
7145.927734 0.000000 835.514526 0.000000 0.866124 0.000000 -0.499830 1.000000 1.000000 1.000000
7160.579102 0.000000 839.943665 0.000000 0.958228 0.000000 -0.286006 1.000000 1.000000 1.000000
7158.496094 0.000000 820.090149 0.000000 0.936402 0.000000 -0.350930 0.000000 0.000000 0.000000
7142.643555 0.000000 842.483337 0.000000 0.895269 0.000000 -0.445525 0.000000 0.000000 0.000000
7146.699707 0.000000 831.160034 0.000000 0.943931 0.000000 0.330144 0.000000 0.000000 0.000000
7145.246582 0.000000 839.093018 0.000000 0.990671 0.000000 0.136279 1.000000 1.000000 1.000000
7157.610352 0.000000 826.274048 0.000000 0.930625 0.000000 -0.365975 0.000000 0.000000 0.000000
7154.278320 0.000000 821.490173 0.000000 0.999624 0.000000 -0.027405 0.000000 0.000000 0.000000
7159.879395 0.000000 833.976074 0.000000 0.997211 0.000000 0.074632 0.000000 0.000000 0.000000
7166.830566 0.000000 838.016357 0.000000 0.999897 0.000000 0.014378 1.000000 1.000000 1.000000
7146.452148 0.000000 825.715393 0.000000 0.992449 0.000000 0.122659 1.000000 1.000000 1.000000
7155.473145 0.000000 831.159119 0.000000 0.824576 0.000000 -0.565751 1.000000 1.000000 1.000000
7367.674805 0.000000 645.274170 0.000000 0.999476 0.000000 0.032382 1.000000 1.000000 1.000000
7380.950195 0.000000 630.497314 0.000000 0.979371 0.000000 -0.202069 1.000000 1.000000 1.000000
7379.921875 0.000000 645.653564 0.000000 0.980007 0.000000 0.198962 1.000000 1.000000 1.000000
7391.430176 0.000000 632.100098 0.000000 0.974481 0.000000 -0.224470 1.000000 1.000000 1.000000
7393.639160 0.000000 651.365723 0.000000 0.970543 0.000000 -0.240927 0.000000 0.000000 0.000000
7374.146973 0.000000 643.181580 0.000000 0.996691 0.000000 -0.081289 1.000000 1.000000 1.000000
7377.893555 0.000000 634.642883 0.000000 0.939099 0.000000 -0.343646 0.000000 0.000000 0.000000
7369.424316 0.000000 649.201904 0.000000 0.995833 0.000000 0.091199 0.000000 0.000000 0.000000
7370.276367 0.000000 641.935547 0.000000 0.930081 0.000000 -0.367356 1.000000 1.000000 1.000000
7390.227539 0.000000 625.885498 0.000000 0.999971 0.000000 -0.007667 0.000000 0.000000 0.000000
7372.652344 0.000000 646.754944 0.000000 0.999830 0.000000 0.018440 1.000000 1.000000 1.000000
7378.974121 0.000000 622.731018 0.000000 0.997585 0.000000 -0.069461 0.000000 0.000000 0.000000
7394.040527 0.000000 639.633057 0.000000 0.998891 0.000000 0.047073 0.000000 0.000000 0.000000
7393.456543 0.000000 635.252991 0.000000 0.917659 0.000000 -0.397370 1.000000 1.000000 1.000000
7375.712891 0.000000 639.942261 0.000000 0.997409 0.000000 -0.071941 1.000000 1.000000 1.000000
7365.963867 0.000000 642.027100 0.000000 0.996487 0.000000 -0.083744 0.000000 0.000000 0.000000
7390.089844 0.000000 650.263428 0.000000 0.865263 0.000000 -0.501318 0.000000 0.000000 0.000000
7384.763672 0.000000 652.059326 0.000000 0.906074 0.000000 -0.423120 0.000000 0.000000 0.000000
7372.396484 0.000000 633.835876 0.000000 0.964330 0.000000 -0.264704 1.000000 1.000000 1.000000
7393.860352 0.000000 630.069275 0.000000 0.999729 0.000000 0.023281 1.000000 1.000000 1.000000
7375.212891 0.000000 633.781433 0.000000 0.890883 0.000000 -0.454233 0.000000 0.000000 0.000000
7380.109863 0.000000 633.017761 0.000000 0.975401 0.000000 0.220439 0.000000 0.000000 0.000000
7387.921387 0.000000 637.283875 0.000000 0.992697 0.000000 -0.120635 0.000000 0.000000 0.000000
7387.115234 0.000000 650.611816 0.000000 0.981203 0.000000 -0.192980 0.000000 0.000000 0.000000
7376.003418 0.000000 648.630798 0.000000 0.931283 0.000000 -0.364296 1.000000 1.000000 1.000000
7380.471191 0.000000 643.153687 0.000000 0.994882 0.000000 -0.101046 1.000000 1.000000 1.000000
7324.282227 0.000000 771.192871 0.000000 0.936393 0.000000 0.350952 0.000000 0.000000 0.000000
7315.921875 0.000000 758.622314 0.000000 0.995308 0.000000 -0.096761 1.000000 1.000000 1.000000
7309.467773 0.000000 749.852173 0.000000 0.981313 0.000000 0.192417 0.000000 0.000000 0.000000
7310.124512 0.000000 763.305664 0.000000 0.913109 0.000000 -0.407716 1.000000 1.000000 1.000000
7328.909180 0.000000 776.540161 0.000000 0.976564 0.000000 0.215227 0.000000 0.000000 0.000000
7310.716309 0.000000 744.030518 0.000000 0.999869 0.000000 0.016161 0.000000 0.000000 0.000000
7305.095215 0.000000 746.284302 0.000000 0.860916 0.000000 -0.508748 1.000000 1.000000 1.000000
7343.365234 0.000000 765.100525 0.000000 0.994690 0.000000 -0.102920 0.000000 0.000000 0.000000
7323.974121 0.000000 766.026428 0.000000 0.996522 0.000000 0.083331 0.000000 0.000000 0.000000
7333.443359 0.000000 754.098877 0.000000 0.980006 0.000000 0.198968 0.000000 0.000000 0.000000
7313.893555 0.000000 747.611633 0.000000 0.887658 0.000000 -0.460503 0.000000 0.000000 0.000000
7314.853027 0.000000 770.904297 0.000000 0.975632 0.000000 0.219415 0.000000 0.000000 0.000000
7337.605957 0.000000 771.778381 0.000000 0.864466 0.000000 -0.502691 0.000000 0.000000 0.000000
7314.409180 0.000000 762.706421 0.000000 0.988666 0.000000 0.150132 0.000000 0.000000 0.000000
7318.596680 0.000000 754.828003 0.000000 0.843137 0.000000 -0.537698 0.000000 0.000000 0.000000
7345.158691 0.000000 768.925232 0.000000 0.936550 0.000000 0.350533 0.000000 0.000000 0.000000
7340.877441 0.000000 768.083862 0.000000 0.999904 0.000000 -0.013823 0.000000 0.000000 0.000000
7312.310547 0.000000 759.091492 0.000000 0.999840 0.000000 0.017912 1.000000 1.000000 1.000000
7311.712891 0.000000 752.911011 0.000000 0.999374 0.000000 -0.035371 0.000000 0.000000 0.000000
7313.983398 0.000000 755.665100 0.000000 0.942883 0.000000 0.333123 1.000000 1.000000 1.000000
7331.650879 0.000000 757.239197 0.000000 0.927491 0.000000 -0.373846 0.000000 0.000000 0.000000
7325.565918 0.000000 777.595642 0.000000 0.997445 0.000000 -0.071439 0.000000 0.000000 0.000000
7302.798828 0.000000 748.563843 0.000000 0.996864 0.000000 -0.079130 0.000000 0.000000 0.000000
7296.205078 0.000000 756.715576 0.000000 0.907700 0.000000 -0.419619 0.000000 0.000000 0.000000
7305.939941 0.000000 749.585327 0.000000 0.854592 0.000000 -0.519300 0.000000 0.000000 0.000000
7308.396484 0.000000 746.804626 0.000000 0.986797 0.000000 0.161965 0.000000 0.000000 0.000000
7326.841309 0.000000 765.929016 0.000000 0.890869 0.000000 -0.454261 1.000000 1.000000 1.000000
7325.260254 0.000000 768.566101 0.000000 0.947575 0.000000 0.319533 0.000000 0.000000 0.000000
7301.178223 0.000000 759.666931 0.000000 0.828643 0.000000 -0.559777 0.000000 0.000000 0.000000
7312.003418 0.000000 761.599548 0.000000 0.839092 0.000000 -0.543990 1.000000 1.000000 1.000000
7334.985352 0.000000 766.161316 0.000000 0.900424 0.000000 -0.435013 1.000000 1.000000 1.000000
7172.861816 0.000000 818.735779 0.000000 0.996675 0.000000 -0.081477 0.000000 0.000000 0.000000
7177.597656 0.000000 840.656677 0.000000 0.986798 0.000000 -0.161953 0.000000 0.000000 0.000000
7168.390625 0.000000 834.331360 0.000000 0.973532 0.000000 0.228550 1.000000 1.000000 1.000000
7410.281250 0.000000 890.334839 0.000000 0.999762 0.000000 -0.021836 0.000000 0.000000 0.000000
7405.255371 0.000000 902.141113 0.000000 0.978639 0.000000 0.205586 0.000000 0.000000 0.000000
7412.885254 0.000000 899.016724 0.000000 0.997984 0.000000 0.063464 1.000000 1.000000 1.000000
7417.729980 0.000000 888.055115 0.000000 0.993707 0.000000 -0.112011 0.000000 0.000000 0.000000
7409.044434 0.000000 895.949585 0.000000 0.923184 0.000000 -0.384358 0.000000 0.000000 0.000000
7407.152344 0.000000 892.736328 0.000000 0.867621 0.000000 -0.497226 0.000000 0.000000 0.000000
7415.010742 0.000000 902.218567 0.000000 0.999503 0.000000 -0.031538 0.000000 0.000000 0.000000
7419.742676 0.000000 884.942627 0.000000 0.886130 0.000000 -0.463437 0.000000 0.000000 0.000000
7408.763672 0.000000 887.072083 0.000000 0.968678 0.000000 -0.248320 0.000000 0.000000 0.000000
7412.392090 0.000000 895.652344 0.000000 0.978443 0.000000 -0.206518 1.000000 1.000000 1.000000
7413.008789 0.000000 891.487488 0.000000 0.988141 0.000000 0.153548 0.000000 0.000000 0.000000
7420.370605 0.000000 893.162292 0.000000 0.989893 0.000000 -0.141815 1.000000 1.000000 1.000000
7438.189453 0.000000 883.709351 0.000000 0.985563 0.000000 -0.169308 0.000000 0.000000 0.000000
7445.035156 0.000000 887.982727 0.000000 0.896971 0.000000 -0.442090 0.000000 0.000000 0.000000
7437.066406 0.000000 900.481812 0.000000 0.955119 0.000000 -0.296221 0.000000 0.000000 0.000000
7433.597656 0.000000 897.141052 0.000000 0.996514 0.000000 0.083428 0.000000 0.000000 0.000000
7424.390625 0.000000 890.815735 0.000000 0.996002 0.000000 -0.089333 0.000000 0.000000 0.000000
7437.152832 0.000000 892.496704 0.000000 0.989626 0.000000 -0.143666 0.000000 0.000000 0.000000
8062.612305 0.000000 503.515289 0.000000 0.926841 0.000000 -0.375453 0.000000 0.000000 0.000000
8058.308594 0.000000 496.474548 0.000000 0.993050 0.000000 -0.117695 0.000000 0.000000 0.000000
8059.743652 0.000000 502.602509 0.000000 0.834363 0.000000 -0.551216 0.000000 0.000000 0.000000
8058.875000 0.000000 508.513855 0.000000 0.893782 0.000000 -0.448501 0.000000 0.000000 0.000000
8052.969238 0.000000 512.717224 0.000000 0.929462 0.000000 -0.368919 0.000000 0.000000 0.000000
8116.885254 0.000000 560.110474 0.000000 0.898152 0.000000 -0.439686 0.000000 0.000000 0.000000
8125.041992 0.000000 564.017517 0.000000 0.984370 0.000000 0.176110 0.000000 0.000000 0.000000
8122.875000 0.000000 564.998230 0.000000 0.832178 0.000000 -0.554509 0.000000 0.000000 0.000000
8121.786621 0.000000 569.368591 0.000000 0.990010 0.000000 0.140995 0.000000 0.000000 0.000000
8127.450684 0.000000 572.773071 0.000000 0.835130 0.000000 -0.550052 1.000000 1.000000 1.000000
6823.675293 0.000000 958.523865 0.000000 0.983851 0.000000 -0.178988 0.000000 0.000000 0.000000
6841.614258 0.000000 956.131165 0.000000 0.997413 0.000000 -0.071888 0.000000 0.000000 0.000000
6830.444824 0.000000 955.112244 0.000000 0.996269 0.000000 -0.086304 0.000000 0.000000 0.000000
6838.803711 0.000000 962.300537 0.000000 0.957628 0.000000 0.288006 0.000000 0.000000 0.000000
6814.802246 0.000000 960.295532 0.000000 0.999824 0.000000 -0.018765 0.000000 0.000000 0.000000
6809.268555 0.000000 976.643494 0.000000 0.999749 0.000000 -0.022423 0.000000 0.000000 0.000000
6838.117188 0.000000 967.255798 0.000000 0.908430 0.000000 -0.418037 0.000000 0.000000 0.000000
6834.317383 0.000000 963.425537 0.000000 0.993457 0.000000 0.114209 0.000000 0.000000 0.000000
6806.596680 0.000000 980.765503 0.000000 0.902266 0.000000 -0.431180 0.000000 0.000000 0.000000
6814.227539 0.000000 964.791748 0.000000 0.937114 0.000000 0.349022 0.000000 0.000000 0.000000
6807.828125 0.000000 984.411194 0.000000 0.994110 0.000000 0.108375 0.000000 0.000000 0.000000
6800.310547 0.000000 985.028992 0.000000 0.986285 0.000000 -0.165054 0.000000 0.000000 0.000000
6819.373047 0.000000 987.177673 0.000000 0.958438 0.000000 -0.285302 0.000000 0.000000 0.000000
6817.860352 0.000000 968.975525 0.000000 0.943421 0.000000 -0.331596 0.000000 0.000000 0.000000
7165.733887 0.000000 1050.928955 0.000000 0.905535 0.000000 -0.424271 1.000000 1.000000 1.000000
7164.270508 0.000000 1065.052612 0.000000 0.946325 0.000000 -0.323217 0.000000 0.000000 0.000000
7156.449707 0.000000 1049.479248 0.000000 0.984805 0.000000 -0.173661 0.000000 0.000000 0.000000
7125.428223 0.000000 1049.066406 0.000000 0.964935 0.000000 0.262488 0.000000 0.000000 0.000000
7162.133789 0.000000 1044.183228 0.000000 0.977006 0.000000 0.213212 1.000000 1.000000 1.000000
7136.909180 0.000000 1058.962036 0.000000 0.947556 0.000000 -0.319589 1.000000 1.000000 1.000000
7142.465332 0.000000 1041.816528 0.000000 0.947979 0.000000 0.318332 0.000000 0.000000 0.000000
7149.060059 0.000000 1059.110596 0.000000 0.975527 0.000000 0.219879 1.000000 1.000000 1.000000
7155.720703 0.000000 1054.590576 0.000000 0.935544 0.000000 0.353211 0.000000 0.000000 0.000000
7131.974121 0.000000 1048.448242 0.000000 0.995928 0.000000 0.090158 0.000000 0.000000 0.000000
7160.634766 0.000000 1052.507324 0.000000 0.991822 0.000000 0.127628 1.000000 1.000000 1.000000
7142.720703 0.000000 1063.453369 0.000000 0.999381 0.000000 -0.035169 0.000000 0.000000 0.000000
7154.569336 0.000000 1072.692505 0.000000 0.947117 0.000000 0.320888 0.000000 0.000000 0.000000
7137.638184 0.000000 1063.487427 0.000000 0.999980 0.000000 0.006345 0.000000 0.000000 0.000000
7146.064453 0.000000 1068.042603 0.000000 0.993736 0.000000 0.111753 0.000000 0.000000 0.000000
7165.935547 0.000000 1046.748779 0.000000 0.970126 0.000000 0.242601 1.000000 1.000000 1.000000
7166.018555 0.000000 1042.613892 0.000000 0.997988 0.000000 0.063401 0.000000 0.000000 0.000000
7157.757812 0.000000 1036.083496 0.000000 0.943127 0.000000 0.332432 0.000000 0.000000 0.000000
7146.157715 0.000000 1039.555054 0.000000 0.950635 0.000000 -0.310310 0.000000 0.000000 0.000000
7145.764648 0.000000 1045.042969 0.000000 0.978910 0.000000 -0.204291 1.000000 1.000000 1.000000
7151.152344 0.000000 1062.189453 0.000000 0.861756 0.000000 -0.507323 1.000000 1.000000 1.000000
7159.010742 0.000000 1071.671631 0.000000 0.978397 0.000000 0.206733 0.000000 0.000000 0.000000
7158.755859 0.000000 1042.814209 0.000000 0.967480 0.000000 -0.252948 0.000000 0.000000 0.000000
7152.763672 0.000000 1056.525146 0.000000 0.979085 0.000000 -0.203450 0.000000 0.000000 0.000000
7145.246582 0.000000 1065.030518 0.000000 0.913807 0.000000 -0.406148 0.000000 0.000000 0.000000
7166.888184 0.000000 1053.343750 0.000000 0.962466 0.000000 -0.271402 1.000000 1.000000 1.000000
7149.602051 0.000000 1056.643677 0.000000 0.997934 0.000000 -0.064243 0.000000 0.000000 0.000000
7151.560547 0.000000 1059.482422 0.000000 0.961664 0.000000 0.274230 1.000000 1.000000 1.000000
7159.370605 0.000000 1050.374146 0.000000 0.845917 0.000000 -0.533315 1.000000 1.000000 1.000000
7167.545410 0.000000 1048.677856 0.000000 0.998799 0.000000 0.049001 1.000000 1.000000 1.000000
7142.985352 0.000000 1048.583130 0.000000 0.853141 0.000000 -0.521680 0.000000 0.000000 0.000000
7411.915527 0.000000 915.791321 0.000000 0.957902 0.000000 -0.287095 0.000000 0.000000 0.000000
7417.426758 0.000000 921.148926 0.000000 0.999728 0.000000 -0.023307 0.000000 0.000000 0.000000
7407.844727 0.000000 910.860474 0.000000 0.973982 0.000000 -0.226624 0.000000 0.000000 0.000000
7409.916504 0.000000 921.539978 0.000000 0.958328 0.000000 0.285669 0.000000 0.000000 0.000000
7423.291016 0.000000 904.155090 0.000000 0.888056 0.000000 -0.459735 0.000000 0.000000 0.000000
7402.133789 0.000000 907.887329 0.000000 0.977168 0.000000 -0.212467 0.000000 0.000000 0.000000
7422.127441 0.000000 921.190002 0.000000 0.957128 0.000000 -0.289666 0.000000 0.000000 0.000000
7419.875488 0.000000 917.956238 0.000000 0.996304 0.000000 0.085894 1.000000 1.000000 1.000000
7417.786621 0.000000 908.274841 0.000000 0.961839 0.000000 -0.273616 1.000000 1.000000 1.000000
7421.449707 0.000000 913.236145 0.000000 0.966886 0.000000 0.255208 1.000000 1.000000 1.000000
7406.165527 0.000000 921.292236 0.000000 0.998435 0.000000 0.055929 0.000000 0.000000 0.000000
7409.098145 0.000000 918.125916 0.000000 0.999503 0.000000 -0.031539 0.000000 0.000000 0.000000
7412.612793 0.000000 919.461975 0.000000 0.951367 0.000000 0.308060 0.000000 0.000000 0.000000
7423.450684 0.000000 911.679321 0.000000 0.862207 0.000000 -0.506556 1.000000 1.000000 1.000000
7175.693359 0.000000 1048.551270 0.000000 0.928468 0.000000 -0.371412 0.000000 0.000000 0.000000
7168.315430 0.000000 1043.144287 0.000000 0.844956 0.000000 -0.534836 0.000000 0.000000 0.000000
7169.602051 0.000000 1047.092041 0.000000 0.997500 0.000000 0.070662 0.000000 0.000000 0.000000
7177.808105 0.000000 1052.424316 0.000000 0.967462 0.000000 -0.253017 0.000000 0.000000 0.000000
7427.589355 0.000000 916.132263 0.000000 0.992319 0.000000 0.123702 0.000000 0.000000 0.000000
7425.476562 0.000000 910.208679 0.000000 0.993686 0.000000 -0.112197 1.000000 1.000000 1.000000
7429.568848 0.000000 907.767883 0.000000 0.861916 0.000000 -0.507052 0.000000 0.000000 0.000000
7424.110840 0.000000 914.114502 0.000000 0.980738 0.000000 -0.195328 1.000000 1.000000 1.000000
7424.522461 0.000000 919.452026 0.000000 0.996671 0.000000 -0.081528 0.000000 0.000000 0.000000
7432.260254 0.000000 912.755676 0.000000 0.864335 0.000000 -0.502917 0.000000 0.000000 0.000000
7430.927734 0.000000 910.097412 0.000000 0.866317 0.000000 -0.499494 1.000000 1.000000 1.000000
7993.729980 0.000000 3429.852051 0.000000 0.970796 0.000000 0.239906 1.000000 1.000000 1.000000
7987.720703 0.000000 3426.934326 0.000000 0.958351 0.000000 -0.285593 0.000000 0.000000 0.000000
7992.851562 0.000000 3420.674805 0.000000 0.999954 0.000000 0.009600 0.000000 0.000000 0.000000
7983.152344 0.000000 3434.533203 0.000000 0.996187 0.000000 -0.087242 0.000000 0.000000 0.000000
7991.010742 0.000000 3444.015381 0.000000 0.888879 0.000000 -0.458141 0.000000 0.000000 0.000000
7995.742676 0.000000 3426.739502 0.000000 0.935724 0.000000 -0.352734 1.000000 1.000000 1.000000
7989.610352 0.000000 3424.555420 0.000000 0.961947 0.000000 0.273237 0.000000 0.000000 0.000000
7996.718750 0.000000 3430.293945 0.000000 0.993656 0.000000 0.112458 1.000000 1.000000 1.000000
7998.830566 0.000000 3436.297607 0.000000 0.999612 0.000000 -0.027838 1.000000 1.000000 1.000000
7996.370605 0.000000 3434.959229 0.000000 0.962111 0.000000 0.272660 1.000000 1.000000 1.000000
7993.397461 0.000000 3427.212891 0.000000 0.995951 0.000000 -0.089897 1.000000 1.000000 1.000000
8010.048340 0.000000 3434.562744 0.000000 0.976145 0.000000 0.217118 0.000000 0.000000 0.000000
8005.002930 0.000000 3425.190430 0.000000 0.990293 0.000000 0.138996 1.000000 1.000000 1.000000
8009.597656 0.000000 3438.937988 0.000000 0.960522 0.000000 -0.278202 1.000000 1.000000 1.000000
8003.856934 0.000000 3439.134521 0.000000 0.891275 0.000000 -0.453463 1.000000 1.000000 1.000000
8007.290527 0.000000 3431.907715 0.000000 0.999815 0.000000 0.019227 0.000000 0.000000 0.000000
8002.892090 0.000000 3427.263672 0.000000 0.864069 0.000000 -0.503374 1.000000 1.000000 1.000000
8003.167969 0.000000 3433.015137 0.000000 0.994436 0.000000 -0.105345 1.000000 1.000000 1.000000
8011.346680 0.000000 3437.026611 0.000000 0.943777 0.000000 0.330584 0.000000 0.000000 0.000000
7988.340820 0.000000 3445.883057 0.000000 0.961522 0.000000 0.274727 0.000000 0.000000 0.000000
8003.834473 0.000000 3445.549316 0.000000 0.860787 0.000000 -0.508965 0.000000 0.000000 0.000000
"}
object={
	name="european_dynamic_mining_objects_generator_1_2"
	clamp_to_water_level=no
	render_under_water=no
	generated_content=yes
	layer="mines_dynamic"
	pdxmesh="generic_rural_mining_pile_01_mesh"
	count=46
	transform="7143.866699 0.000000 832.484802 0.000000 0.663257 0.000000 -0.748392 1.000000 1.000000 1.000000
7162.133789 0.000000 818.245728 0.000000 0.773763 0.000000 -0.633475 0.000000 0.000000 0.000000
7167.097656 0.000000 830.170471 0.000000 0.690327 0.000000 -0.723498 0.000000 0.000000 0.000000
7148.877441 0.000000 824.568237 0.000000 0.813085 0.000000 -0.582145 1.000000 1.000000 1.000000
7154.616699 0.000000 836.834473 0.000000 0.679429 0.000000 -0.733741 1.000000 1.000000 1.000000
7163.743652 0.000000 841.508789 0.000000 0.756351 0.000000 -0.654167 1.000000 1.000000 1.000000
7392.264648 0.000000 643.196655 0.000000 0.716837 0.000000 -0.697240 0.000000 0.000000 0.000000
7374.716309 0.000000 631.061768 0.000000 0.697285 0.000000 -0.716794 0.000000 0.000000 0.000000
7387.974121 0.000000 653.057678 0.000000 0.732469 0.000000 -0.680801 0.000000 0.000000 0.000000
7373.333984 0.000000 625.657471 0.000000 0.688777 0.000000 -0.724973 0.000000 0.000000 0.000000
7382.909180 0.000000 632.327942 0.000000 0.768984 0.000000 -0.639268 0.000000 0.000000 0.000000
7379.922852 0.000000 625.127563 0.000000 0.798269 0.000000 -0.602301 0.000000 0.000000 0.000000
7380.387207 0.000000 648.125244 0.000000 0.788752 0.000000 -0.614711 0.000000 0.000000 0.000000
7312.913574 0.000000 766.866943 0.000000 0.756603 0.000000 -0.653875 0.000000 0.000000 0.000000
7305.424316 0.000000 762.170654 0.000000 0.777527 0.000000 -0.628849 0.000000 0.000000 0.000000
7306.276367 0.000000 754.904297 0.000000 0.703480 0.000000 -0.710715 1.000000 1.000000 1.000000
7328.344727 0.000000 772.614502 0.000000 0.745090 0.000000 -0.666964 0.000000 0.000000 0.000000
7303.173340 0.000000 763.503601 0.000000 0.772067 0.000000 -0.635541 0.000000 0.000000 0.000000
7341.452148 0.000000 762.866699 0.000000 0.794194 0.000000 -0.607664 0.000000 0.000000 0.000000
7168.226074 0.000000 842.098267 0.000000 0.698393 0.000000 -0.715714 0.000000 0.000000 0.000000
7172.219238 0.000000 823.415405 0.000000 0.816935 0.000000 -0.576730 0.000000 0.000000 0.000000
7422.112305 0.000000 891.184326 0.000000 0.792059 0.000000 -0.610445 0.000000 0.000000 0.000000
6815.273438 0.000000 958.626404 0.000000 0.714778 0.000000 -0.699351 0.000000 0.000000 0.000000
6815.085938 0.000000 967.863220 0.000000 0.754737 0.000000 -0.656027 1.000000 1.000000 1.000000
7149.255371 0.000000 1071.594238 0.000000 0.778006 0.000000 -0.628257 0.000000 0.000000 0.000000
7146.581543 0.000000 1035.523560 0.000000 0.752166 0.000000 -0.658973 0.000000 0.000000 0.000000
7161.729980 0.000000 1057.508301 0.000000 0.773868 0.000000 -0.633347 0.000000 0.000000 0.000000
7158.872070 0.000000 1063.053101 0.000000 0.811804 0.000000 -0.583931 1.000000 1.000000 1.000000
7167.097656 0.000000 1056.107910 0.000000 0.771034 0.000000 -0.636794 0.000000 0.000000 0.000000
7126.690430 0.000000 1044.735718 0.000000 0.691368 0.000000 -0.722503 0.000000 0.000000 0.000000
7136.344727 0.000000 1055.036377 0.000000 0.795548 0.000000 -0.605891 0.000000 0.000000 0.000000
7152.887695 0.000000 1041.594238 0.000000 0.777014 0.000000 -0.629484 0.000000 0.000000 0.000000
7140.176270 0.000000 1060.738403 0.000000 0.800195 0.000000 -0.599740 1.000000 1.000000 1.000000
7163.742676 0.000000 1054.395752 0.000000 0.749665 0.000000 -0.661817 1.000000 1.000000 1.000000
7158.496094 0.000000 1046.027588 0.000000 0.733545 0.000000 -0.679641 0.000000 0.000000 0.000000
7143.131348 0.000000 1051.697876 0.000000 0.680536 0.000000 -0.732714 0.000000 0.000000 0.000000
7159.033203 0.000000 1055.166626 0.000000 0.755281 0.000000 -0.655401 1.000000 1.000000 1.000000
7146.452148 0.000000 1051.652832 0.000000 0.765357 0.000000 -0.643606 0.000000 0.000000 0.000000
7418.815430 0.000000 911.319153 0.000000 0.765202 0.000000 -0.643790 1.000000 1.000000 1.000000
7412.969238 0.000000 908.107849 0.000000 0.711305 0.000000 -0.702883 1.000000 1.000000 1.000000
7991.033203 0.000000 3427.510498 0.000000 0.703687 0.000000 -0.710510 0.000000 0.000000 0.000000
7998.888184 0.000000 3425.687500 0.000000 0.685305 0.000000 -0.728256 1.000000 1.000000 1.000000
8014.189453 0.000000 3425.506348 0.000000 0.792719 0.000000 -0.609587 0.000000 0.000000 0.000000
8003.716309 0.000000 3430.168701 0.000000 0.684332 0.000000 -0.729170 1.000000 1.000000 1.000000
8009.808105 0.000000 3424.768066 0.000000 0.726553 0.000000 -0.687110 0.000000 0.000000 0.000000
8000.956543 0.000000 3430.182373 0.000000 0.727214 0.000000 -0.686411 1.000000 1.000000 1.000000
"}
object={
	name="european_dynamic_mining_objects_generator_1_3"
	clamp_to_water_level=no
	render_under_water=no
	generated_content=yes
	layer="mines_dynamic"
	pdxmesh="generic_rural_mining_pile_02_mesh"
	count=44
	transform="7166.112305 0.000000 834.699951 0.000000 0.644917 0.000000 -0.764253 1.000000 1.000000 1.000000
7152.763672 0.000000 830.587708 0.000000 0.615911 0.000000 -0.787816 0.000000 0.000000 0.000000
7143.131348 0.000000 825.760376 0.000000 0.607286 0.000000 -0.794483 0.000000 0.000000 0.000000
7148.084473 0.000000 821.525024 0.000000 0.540911 0.000000 -0.841080 0.000000 0.000000 0.000000
7364.861816 0.000000 649.282654 0.000000 0.654518 0.000000 -0.756046 0.000000 0.000000 0.000000
7382.302246 0.000000 626.382202 0.000000 0.597697 0.000000 -0.801722 1.000000 1.000000 1.000000
7399.553711 0.000000 638.530396 0.000000 0.648518 0.000000 -0.761199 0.000000 0.000000 0.000000
7393.496582 0.000000 645.558899 0.000000 0.465638 0.000000 -0.884975 0.000000 0.000000 0.000000
7337.423340 0.000000 766.719116 0.000000 0.591396 0.000000 -0.806381 0.000000 0.000000 0.000000
7332.049805 0.000000 770.586426 0.000000 0.475207 0.000000 -0.879874 0.000000 0.000000 0.000000
7299.605469 0.000000 757.573425 0.000000 0.639000 0.000000 -0.769207 0.000000 0.000000 0.000000
7300.061523 0.000000 750.506470 0.000000 0.496986 0.000000 -0.867759 0.000000 0.000000 0.000000
7332.675781 0.000000 767.138916 0.000000 0.614962 0.000000 -0.788557 1.000000 1.000000 1.000000
7331.373047 0.000000 761.240173 0.000000 0.608982 0.000000 -0.793184 0.000000 0.000000 0.000000
7338.478516 0.000000 760.033997 0.000000 0.597608 0.000000 -0.801788 0.000000 0.000000 0.000000
7316.471191 0.000000 756.122437 0.000000 0.573392 0.000000 -0.819281 0.000000 0.000000 0.000000
7172.957031 0.000000 836.948364 0.000000 0.533014 0.000000 -0.846107 1.000000 1.000000 1.000000
7168.073242 0.000000 829.342712 0.000000 0.615386 0.000000 -0.788226 1.000000 1.000000 1.000000
7406.444824 0.000000 898.627869 0.000000 0.509186 0.000000 -0.860656 0.000000 0.000000 0.000000
7434.048340 0.000000 892.765930 0.000000 0.642949 0.000000 -0.765909 0.000000 0.000000 0.000000
7424.226074 0.000000 898.582642 0.000000 0.566336 0.000000 -0.824175 1.000000 1.000000 1.000000
7441.116211 0.000000 894.513123 0.000000 0.529591 0.000000 -0.848253 0.000000 0.000000 0.000000
7427.898438 0.000000 900.022278 0.000000 0.581043 0.000000 -0.813873 1.000000 1.000000 1.000000
8058.107422 0.000000 507.075409 0.000000 0.529761 0.000000 -0.848147 0.000000 0.000000 0.000000
6815.822266 0.000000 986.295471 0.000000 0.636291 0.000000 -0.771449 0.000000 0.000000 0.000000
6812.263672 0.000000 969.530396 0.000000 0.505321 0.000000 -0.862932 0.000000 0.000000 0.000000
7132.282227 0.000000 1053.614746 0.000000 0.653144 0.000000 -0.757234 0.000000 0.000000 0.000000
7131.221680 0.000000 1062.747314 0.000000 0.606424 0.000000 -0.795142 0.000000 0.000000 0.000000
7133.536621 0.000000 1056.731934 0.000000 0.501051 0.000000 -0.865418 0.000000 0.000000 0.000000
7154.616699 0.000000 1062.771973 0.000000 0.641861 0.000000 -0.766821 1.000000 1.000000 1.000000
7142.885742 0.000000 1060.880493 0.000000 0.618632 0.000000 -0.785681 1.000000 1.000000 1.000000
7155.473145 0.000000 1057.096680 0.000000 0.628647 0.000000 -0.777691 0.000000 0.000000 0.000000
7429.348633 0.000000 912.191772 0.000000 0.654451 0.000000 -0.756105 1.000000 1.000000 1.000000
7424.173340 0.000000 905.574646 0.000000 0.642925 0.000000 -0.765929 1.000000 1.000000 1.000000
7435.269531 0.000000 913.080078 0.000000 0.636714 0.000000 -0.771100 0.000000 0.000000 0.000000
7426.759766 0.000000 912.864624 0.000000 0.654159 0.000000 -0.756357 1.000000 1.000000 1.000000
7992.634766 0.000000 3424.851074 0.000000 0.502932 0.000000 -0.864326 1.000000 1.000000 1.000000
7999.097656 0.000000 3428.451660 0.000000 0.615547 0.000000 -0.788100 1.000000 1.000000 1.000000
7986.569336 0.000000 3445.036377 0.000000 0.630277 0.000000 -0.776370 0.000000 0.000000 0.000000
7998.612305 0.000000 3440.702881 0.000000 0.569454 0.000000 -0.822023 1.000000 1.000000 1.000000
7996.341309 0.000000 3442.230225 0.000000 0.530561 0.000000 -0.847647 1.000000 1.000000 1.000000
7999.022949 0.000000 3443.228027 0.000000 0.649564 0.000000 -0.760307 1.000000 1.000000 1.000000
8009.163574 0.000000 3428.363281 0.000000 0.647261 0.000000 -0.762268 0.000000 0.000000 0.000000
8002.854492 0.000000 3436.609375 0.000000 0.639229 0.000000 -0.769017 1.000000 1.000000 1.000000
"}
object={
	name="european_dynamic_mining_objects_generator_1_4"
	clamp_to_water_level=no
	render_under_water=no
	generated_content=yes
	layer="mines_dynamic"
	pdxmesh="generic_rural_mining_entrance_01_mesh"
	count=53
	transform="7136.909180 0.000000 833.024536 0.000000 0.331549 0.000000 -0.943438 0.000000 0.000000 0.000000
7158.872070 0.000000 837.115662 0.000000 0.463765 0.000000 -0.885958 1.000000 1.000000 1.000000
7155.720703 0.000000 828.653015 0.000000 0.463923 0.000000 -0.885875 1.000000 1.000000 1.000000
7142.737793 0.000000 829.259155 0.000000 0.339846 0.000000 -0.940481 0.000000 0.000000 0.000000
7369.453613 0.000000 627.647522 0.000000 0.245969 0.000000 -0.969278 0.000000 0.000000 0.000000
7379.298340 0.000000 639.275330 0.000000 0.350946 0.000000 -0.936396 0.000000 0.000000 0.000000
7390.773926 0.000000 637.799805 0.000000 0.258232 0.000000 -0.966083 1.000000 1.000000 1.000000
7385.550293 0.000000 632.929565 0.000000 0.396807 0.000000 -0.917902 0.000000 0.000000 0.000000
7382.690430 0.000000 649.345032 0.000000 0.332047 0.000000 -0.943263 0.000000 0.000000 0.000000
7363.605469 0.000000 644.604675 0.000000 0.384458 0.000000 -0.923143 0.000000 0.000000 0.000000
7395.650879 0.000000 644.270447 0.000000 0.394638 0.000000 -0.918837 0.000000 0.000000 0.000000
7322.840820 0.000000 761.001221 0.000000 0.245189 0.000000 -0.969475 0.000000 0.000000 0.000000
7303.650879 0.000000 751.784241 0.000000 0.355968 0.000000 -0.934498 0.000000 0.000000 0.000000
7327.949707 0.000000 768.552856 0.000000 0.316753 0.000000 -0.948508 0.000000 0.000000 0.000000
7333.993652 0.000000 763.860229 0.000000 0.250583 0.000000 -0.968095 0.000000 0.000000 0.000000
7307.937012 0.000000 767.066284 0.000000 0.416672 0.000000 -0.909057 0.000000 0.000000 0.000000
7337.764648 0.000000 762.621094 0.000000 0.360253 0.000000 -0.932855 0.000000 0.000000 0.000000
7325.587891 0.000000 753.964661 0.000000 0.428308 0.000000 -0.903633 0.000000 0.000000 0.000000
7319.871582 0.000000 773.777893 0.000000 0.294759 0.000000 -0.955571 0.000000 0.000000 0.000000
7307.443359 0.000000 764.283936 0.000000 0.249125 0.000000 -0.968471 0.000000 0.000000 0.000000
7174.599121 0.000000 843.882202 0.000000 0.452810 0.000000 -0.891607 0.000000 0.000000 0.000000
7181.883301 0.000000 839.277466 0.000000 0.460235 0.000000 -0.887797 0.000000 0.000000 0.000000
7171.167969 0.000000 834.733948 0.000000 0.291799 0.000000 -0.956480 1.000000 1.000000 1.000000
7170.786133 0.000000 825.681946 0.000000 0.390703 0.000000 -0.920517 1.000000 1.000000 1.000000
7168.956543 0.000000 831.901123 0.000000 0.346632 0.000000 -0.938001 1.000000 1.000000 1.000000
7405.060059 0.000000 889.657410 0.000000 0.461933 0.000000 -0.886915 0.000000 0.000000 0.000000
7411.720703 0.000000 885.137390 0.000000 0.439003 0.000000 -0.898486 0.000000 0.000000 0.000000
8052.340820 0.000000 508.695465 0.000000 0.259627 0.000000 -0.965709 0.000000 0.000000 0.000000
8129.476562 0.000000 571.302429 0.000000 0.267913 0.000000 -0.963443 0.000000 0.000000 0.000000
6828.186523 0.000000 951.458191 0.000000 0.413497 0.000000 -0.910506 0.000000 0.000000 0.000000
6826.064453 0.000000 955.073792 0.000000 0.419416 0.000000 -0.907794 0.000000 0.000000 0.000000
7166.112305 0.000000 1060.637451 0.000000 0.346625 0.000000 -0.938004 0.000000 0.000000 0.000000
7145.605957 0.000000 1054.200195 0.000000 0.333054 0.000000 -0.942908 1.000000 1.000000 1.000000
7140.219727 0.000000 1056.876221 0.000000 0.450915 0.000000 -0.892567 1.000000 1.000000 1.000000
7150.165527 0.000000 1034.260986 0.000000 0.348693 0.000000 -0.937237 0.000000 0.000000 0.000000
7133.565918 0.000000 1060.017456 0.000000 0.412453 0.000000 -0.910979 0.000000 0.000000 0.000000
7134.662598 0.000000 1062.909180 0.000000 0.376006 0.000000 -0.926617 0.000000 0.000000 0.000000
7164.546387 0.000000 1044.658447 0.000000 0.294900 0.000000 -0.955528 1.000000 1.000000 1.000000
7417.915527 0.000000 914.464783 0.000000 0.455322 0.000000 -0.890327 1.000000 1.000000 1.000000
7414.469238 0.000000 913.904114 0.000000 0.274919 0.000000 -0.961467 1.000000 1.000000 1.000000
7420.365723 0.000000 906.477661 0.000000 0.365149 0.000000 -0.930949 1.000000 1.000000 1.000000
7423.835938 0.000000 908.234070 0.000000 0.450120 0.000000 -0.892968 1.000000 1.000000 1.000000
7171.716309 0.000000 1057.824951 0.000000 0.370609 0.000000 -0.928789 0.000000 0.000000 0.000000
7168.073242 0.000000 1055.280273 0.000000 0.242028 0.000000 -0.970269 0.000000 0.000000 0.000000
7426.492188 0.000000 907.339600 0.000000 0.358284 0.000000 -0.933613 1.000000 1.000000 1.000000
7998.112305 0.000000 3432.981201 0.000000 0.458226 0.000000 -0.888836 1.000000 1.000000 1.000000
7994.308594 0.000000 3433.662109 0.000000 0.446709 0.000000 -0.894679 0.000000 0.000000 0.000000
8013.883301 0.000000 3437.558594 0.000000 0.326070 0.000000 -0.945346 0.000000 0.000000 0.000000
8013.646484 0.000000 3429.808838 0.000000 0.412032 0.000000 -0.911170 0.000000 0.000000 0.000000
8006.656738 0.000000 3437.880371 0.000000 0.241713 0.000000 -0.970348 1.000000 1.000000 1.000000
8013.152832 0.000000 3434.293457 0.000000 0.267645 0.000000 -0.963518 0.000000 0.000000 0.000000
8006.113770 0.000000 3428.020996 0.000000 0.290343 0.000000 -0.956923 0.000000 0.000000 0.000000
8011.713867 0.000000 3427.065674 0.000000 0.365514 0.000000 -0.930806 0.000000 0.000000 0.000000
"}
object={
	name="european_dynamic_mining_objects_generator_1_5"
	clamp_to_water_level=no
	render_under_water=no
	generated_content=yes
	layer="mines_dynamic"
	pdxmesh="generic_rural_mining_entrance_02_mesh"
	count=54
	transform="7139.530762 0.000000 841.369812 0.000000 0.199975 0.000000 -0.979801 0.000000 0.000000 0.000000
7145.423340 0.000000 823.203491 0.000000 0.051754 0.000000 -0.998660 0.000000 0.000000 0.000000
7148.186523 0.000000 838.489441 0.000000 0.131689 0.000000 -0.991291 1.000000 1.000000 1.000000
7155.521484 0.000000 818.790100 0.000000 0.028004 0.000000 -0.999608 0.000000 0.000000 0.000000
7140.219727 0.000000 830.938721 0.000000 0.232066 0.000000 -0.972700 0.000000 0.000000 0.000000
7140.176270 0.000000 834.800842 0.000000 0.210215 0.000000 -0.977655 1.000000 1.000000 1.000000
7140.101074 0.000000 838.642578 0.000000 0.182817 0.000000 -0.983147 1.000000 1.000000 1.000000
7375.347656 0.000000 621.612183 0.000000 0.120489 0.000000 -0.992715 0.000000 0.000000 0.000000
7398.465332 0.000000 646.425842 0.000000 0.212965 0.000000 -0.977060 0.000000 0.000000 0.000000
7386.844238 0.000000 623.045593 0.000000 0.020874 0.000000 -0.999782 0.000000 0.000000 0.000000
7382.596680 0.000000 641.859253 0.000000 0.215750 0.000000 -0.976449 0.000000 0.000000 0.000000
7377.653320 0.000000 629.797546 0.000000 0.219814 0.000000 -0.975542 1.000000 1.000000 1.000000
7368.260254 0.000000 630.333801 0.000000 0.041122 0.000000 -0.999154 0.000000 0.000000 0.000000
7366.202148 0.000000 632.840942 0.000000 0.218442 0.000000 -0.975850 0.000000 0.000000 0.000000
7379.958008 0.000000 628.040710 0.000000 0.017473 0.000000 -0.999847 1.000000 1.000000 1.000000
7328.264648 0.000000 756.165405 0.000000 0.197066 0.000000 -0.980390 0.000000 0.000000 0.000000
7342.271484 0.000000 771.585388 0.000000 0.053628 0.000000 -0.998561 0.000000 0.000000 0.000000
7322.661621 0.000000 755.734558 0.000000 0.200937 0.000000 -0.979604 0.000000 0.000000 0.000000
7319.538086 0.000000 770.583679 0.000000 0.030035 0.000000 -0.999549 0.000000 0.000000 0.000000
7308.652344 0.000000 759.723694 0.000000 0.186370 0.000000 -0.982480 1.000000 1.000000 1.000000
7325.536621 0.000000 774.309998 0.000000 0.234981 0.000000 -0.972000 0.000000 0.000000 0.000000
7340.084473 0.000000 765.040649 0.000000 0.122102 0.000000 -0.992518 0.000000 0.000000 0.000000
7322.516602 0.000000 773.075806 0.000000 0.233754 0.000000 -0.972296 1.000000 1.000000 1.000000
7312.434082 0.000000 764.358032 0.000000 0.225594 0.000000 -0.974221 0.000000 0.000000 0.000000
7171.898438 0.000000 843.537903 0.000000 0.130047 0.000000 -0.991508 0.000000 0.000000 0.000000
7171.834473 0.000000 847.268127 0.000000 0.043202 0.000000 -0.999066 0.000000 0.000000 0.000000
7414.872070 0.000000 893.600037 0.000000 0.134536 0.000000 -0.990909 1.000000 1.000000 1.000000
7425.469238 0.000000 901.813721 0.000000 0.124492 0.000000 -0.992221 0.000000 0.000000 0.000000
7437.646484 0.000000 888.011841 0.000000 0.007814 0.000000 -0.999969 0.000000 0.000000 0.000000
6825.927734 0.000000 948.483276 0.000000 0.005891 0.000000 -0.999983 0.000000 0.000000 0.000000
6810.840820 0.000000 986.938721 0.000000 0.155424 0.000000 -0.987848 0.000000 0.000000 0.000000
6810.661621 0.000000 981.672058 0.000000 0.227679 0.000000 -0.973736 0.000000 0.000000 0.000000
6818.139648 0.000000 961.960693 0.000000 0.102513 0.000000 -0.994732 0.000000 0.000000 0.000000
6849.476562 0.000000 966.693054 0.000000 0.039434 0.000000 -0.999222 0.000000 0.000000 0.000000
7156.600586 0.000000 1039.932617 0.000000 0.181542 0.000000 -0.983383 0.000000 0.000000 0.000000
7145.423340 0.000000 1049.140991 0.000000 0.066882 0.000000 -0.997761 1.000000 1.000000 1.000000
7149.233887 0.000000 1042.616089 0.000000 0.027539 0.000000 -0.999621 0.000000 0.000000 0.000000
7130.548828 0.000000 1058.031860 0.000000 0.023954 0.000000 -0.999713 0.000000 0.000000 0.000000
7162.308594 0.000000 1061.318359 0.000000 0.078068 0.000000 -0.996948 0.000000 0.000000 0.000000
7140.675781 0.000000 1049.560791 0.000000 0.077915 0.000000 -0.996960 0.000000 0.000000 0.000000
7153.605957 0.000000 1069.572632 0.000000 0.034656 0.000000 -0.999399 0.000000 0.000000 0.000000
7157.008789 0.000000 1060.940552 0.000000 0.064491 0.000000 -0.997918 1.000000 1.000000 1.000000
7146.478516 0.000000 1042.455811 0.000000 0.164093 0.000000 -0.986445 0.000000 0.000000 0.000000
7163.279297 0.000000 1041.920288 0.000000 0.089337 0.000000 -0.996001 1.000000 1.000000 1.000000
7162.085938 0.000000 1063.877319 0.000000 0.227556 0.000000 -0.973765 0.000000 0.000000 0.000000
7416.357422 0.000000 912.096924 0.000000 0.047639 0.000000 -0.998865 1.000000 1.000000 1.000000
7168.290527 0.000000 1051.083862 0.000000 0.012437 0.000000 -0.999923 0.000000 0.000000 0.000000
7174.113770 0.000000 1055.677246 0.000000 0.138397 0.000000 -0.990377 0.000000 0.000000 0.000000
7437.467773 0.000000 919.305298 0.000000 0.108191 0.000000 -0.994130 0.000000 0.000000 0.000000
7997.041992 0.000000 3444.720703 0.000000 0.186862 0.000000 -0.982386 0.000000 0.000000 0.000000
8000.226074 0.000000 3440.379395 0.000000 0.130016 0.000000 -0.991512 1.000000 1.000000 1.000000
8015.660156 0.000000 3440.227783 0.000000 0.135705 0.000000 -0.990749 0.000000 0.000000 0.000000
8012.244629 0.000000 3439.679199 0.000000 0.143757 0.000000 -0.989613 0.000000 0.000000 0.000000
7999.291016 0.000000 3445.951904 0.000000 0.162083 0.000000 -0.986777 0.000000 0.000000 0.000000
"}
