object={
	name="european_dynamic_forestry_objects_generator_1_0"
	clamp_to_water_level=no
	render_under_water=no
	generated_content=yes
	layer="forestry_dynamic"
	pdxmesh="generic_rural_forestry_camp_01_mesh"
	count=220
	transform="28.282137 0.000000 3312.989746 0.000000 0.599153 0.000000 0.800634 0.000000 0.000000 0.000000
14.189470 0.000000 3312.537598 0.000000 0.450338 0.000000 0.892858 0.000000 0.000000 0.000000
105.206711 0.000000 3284.637451 0.000000 0.188272 0.000000 0.982117 0.000000 0.000000 0.000000
71.674683 0.000000 3300.039795 0.000000 0.961541 0.000000 0.274661 0.000000 0.000000 0.000000
118.803513 0.000000 3278.159912 0.000000 0.618114 0.000000 0.786089 0.000000 0.000000 0.000000
74.048203 0.000000 3321.593994 0.000000 0.912063 0.000000 0.410050 0.000000 0.000000 0.000000
77.066528 0.000000 3329.310059 0.000000 0.237276 0.000000 0.971442 0.000000 0.000000 0.000000
0.354092 0.000000 3380.545898 0.000000 0.559315 0.000000 0.828955 0.000000 0.000000 0.000000
3.834518 0.000000 3332.580566 0.000000 0.385795 0.000000 0.922584 0.000000 0.000000 0.000000
6.599259 0.000000 3385.678955 0.000000 0.414397 0.000000 0.910096 0.000000 0.000000 0.000000
47.844566 0.000000 3339.688477 0.000000 0.571645 0.000000 0.820501 1.000000 1.000000 1.000000
1955.530884 0.000000 2987.776123 0.000000 0.531166 0.000000 0.847268 0.000000 0.000000 0.000000
6770.281250 0.000000 720.881714 0.000000 0.990614 0.000000 0.136687 0.000000 0.000000 0.000000
6781.041992 0.000000 733.470642 0.000000 0.924738 0.000000 0.380604 1.000000 1.000000 1.000000
6783.291016 0.000000 734.701965 0.000000 0.963718 0.000000 0.266922 1.000000 1.000000 1.000000
6834.281250 0.000000 720.881714 0.000000 0.665152 0.000000 0.746708 0.000000 0.000000 0.000000
6798.189453 0.000000 714.256226 0.000000 0.317054 0.000000 0.948407 0.000000 0.000000 0.000000
6844.270508 0.000000 726.146362 0.000000 0.580538 0.000000 0.814233 1.000000 1.000000 1.000000
6838.803711 0.000000 736.363037 0.000000 0.448066 0.000000 0.894000 0.000000 0.000000 0.000000
6798.189453 0.000000 770.740601 0.000000 0.851738 0.000000 0.523968 0.000000 0.000000 0.000000
6889.206543 0.000000 742.840515 0.000000 0.257995 0.000000 0.966146 0.000000 0.000000 0.000000
6848.290527 0.000000 768.662048 0.000000 0.997739 0.000000 0.067215 0.000000 0.000000 0.000000
6857.453613 0.000000 740.616272 0.000000 0.829508 0.000000 0.558495 1.000000 1.000000 1.000000
6862.716309 0.000000 744.030518 0.000000 0.416972 0.000000 0.908919 1.000000 1.000000 1.000000
6720.354004 0.000000 838.749146 0.000000 0.988440 0.000000 0.151611 0.000000 0.000000 0.000000
6772.600586 0.000000 813.995056 0.000000 0.868041 0.000000 0.496493 1.000000 1.000000 1.000000
6780.270508 0.000000 839.115112 0.000000 0.013491 0.000000 0.999909 0.000000 0.000000 0.000000
6726.599121 0.000000 843.882202 0.000000 0.983963 0.000000 0.178374 0.000000 0.000000 0.000000
6777.426758 0.000000 808.180176 0.000000 0.862069 0.000000 0.506791 1.000000 1.000000 1.000000
6798.189453 0.000000 827.224976 0.000000 0.087319 0.000000 0.996180 0.000000 0.000000 0.000000
6803.921875 0.000000 815.106689 0.000000 0.430383 0.000000 0.902647 0.000000 0.000000 0.000000
6908.270508 0.000000 839.115112 0.000000 0.563952 0.000000 0.825807 0.000000 0.000000 0.000000
6787.834473 0.000000 847.268127 0.000000 0.899660 0.000000 0.436592 0.000000 0.000000 0.000000
6841.729980 0.000000 888.055115 0.000000 0.477632 0.000000 0.878560 0.000000 0.000000 0.000000
6889.206543 0.000000 855.809265 0.000000 0.999992 0.000000 0.004029 0.000000 0.000000 0.000000
6919.674805 0.000000 758.242920 0.000000 0.791605 0.000000 0.611033 0.000000 0.000000 0.000000
6964.600586 0.000000 757.510681 0.000000 0.965516 0.000000 0.260344 0.000000 0.000000 0.000000
6931.298340 0.000000 752.244080 0.000000 0.421219 0.000000 0.906959 0.000000 0.000000 0.000000
7011.530762 0.000000 784.885437 0.000000 0.673515 0.000000 0.739174 0.000000 0.000000 0.000000
7017.423340 0.000000 766.719116 0.000000 0.463884 0.000000 0.885896 0.000000 0.000000 0.000000
7009.639160 0.000000 764.334473 0.000000 0.654226 0.000000 0.756299 0.000000 0.000000 0.000000
7008.909180 0.000000 776.540161 0.000000 0.455180 0.000000 0.890399 0.000000 0.000000 0.000000
7090.281250 0.000000 777.366089 0.000000 0.987107 0.000000 0.160065 0.000000 0.000000 0.000000
7046.599121 0.000000 787.397827 0.000000 0.260356 0.000000 0.965513 0.000000 0.000000 0.000000
6940.282227 0.000000 827.677246 0.000000 0.971507 0.000000 0.237011 0.000000 0.000000 0.000000
6932.950195 0.000000 799.950439 0.000000 0.104737 0.000000 0.994500 0.000000 0.000000 0.000000
6975.683594 0.000000 803.821655 0.000000 0.739570 0.000000 0.673079 0.000000 0.000000 0.000000
6964.885254 0.000000 842.532349 0.000000 0.990756 0.000000 0.135656 0.000000 0.000000 0.000000
6990.189453 0.000000 827.224976 0.000000 0.493346 0.000000 0.869833 1.000000 1.000000 1.000000
6953.206543 0.000000 855.809265 0.000000 0.586523 0.000000 0.809933 0.000000 0.000000 0.000000
6954.581543 0.000000 866.070435 0.000000 0.651996 0.000000 0.758223 0.000000 0.000000 0.000000
6933.428223 0.000000 879.613281 0.000000 0.491186 0.000000 0.871055 1.000000 1.000000 1.000000
6956.186523 0.000000 894.973816 0.000000 0.995382 0.000000 0.095991 0.000000 0.000000 0.000000
7040.354004 0.000000 838.749146 0.000000 0.865030 0.000000 0.501721 0.000000 0.000000 0.000000
7075.530762 0.000000 841.369812 0.000000 0.146954 0.000000 0.989143 0.000000 0.000000 0.000000
7100.270508 0.000000 839.115112 0.000000 0.568612 0.000000 0.822606 0.000000 0.000000 0.000000
7085.901367 0.000000 791.735657 0.000000 0.874522 0.000000 0.484985 0.000000 0.000000 0.000000
7040.354004 0.000000 895.233521 0.000000 0.186959 0.000000 0.982368 0.000000 0.000000 0.000000
7072.264648 0.000000 869.134155 0.000000 0.962251 0.000000 0.272164 0.000000 0.000000 0.000000
7067.221680 0.000000 893.294189 0.000000 0.032226 0.000000 0.999481 0.000000 0.000000 0.000000
7043.716309 0.000000 888.371765 0.000000 0.876516 0.000000 0.481373 1.000000 1.000000 1.000000
7042.164551 0.000000 866.637146 0.000000 0.490341 0.000000 0.871530 0.000000 0.000000 0.000000
7161.729980 0.000000 888.055115 0.000000 0.791916 0.000000 0.610630 0.000000 0.000000 0.000000
7957.428223 0.000000 371.253906 0.000000 0.777929 0.000000 0.628352 0.000000 0.000000 0.000000
7988.600586 0.000000 418.604431 0.000000 0.522567 0.000000 0.852598 0.000000 0.000000 0.000000
7987.915527 0.000000 407.431946 0.000000 0.932156 0.000000 0.362056 0.000000 0.000000 0.000000
7309.066406 0.000000 618.059937 0.000000 0.638716 0.000000 0.769442 0.000000 0.000000 0.000000
7299.834473 0.000000 621.330627 0.000000 0.995638 0.000000 0.093296 0.000000 0.000000 0.000000
7303.674805 0.000000 645.274170 0.000000 0.766324 0.000000 0.642455 0.000000 0.000000 0.000000
7346.281250 0.000000 664.397339 0.000000 0.765199 0.000000 0.643793 0.000000 0.000000 0.000000
7328.264648 0.000000 643.196655 0.000000 0.300644 0.000000 0.953737 0.000000 0.000000 0.000000
7310.189453 0.000000 657.771851 0.000000 0.214106 0.000000 0.976810 0.000000 0.000000 0.000000
7296.290527 0.000000 655.693298 0.000000 0.272464 0.000000 0.962166 0.000000 0.000000 0.000000
7315.921875 0.000000 645.653564 0.000000 0.606827 0.000000 0.794834 0.000000 0.000000 0.000000
7306.048340 0.000000 666.828430 0.000000 0.292987 0.000000 0.956116 0.000000 0.000000 0.000000
7298.164551 0.000000 640.699646 0.000000 0.957233 0.000000 0.289319 1.000000 1.000000 1.000000
7328.909180 0.000000 663.571411 0.000000 0.172683 0.000000 0.984977 1.000000 1.000000 1.000000
7305.095215 0.000000 633.315552 0.000000 0.869922 0.000000 0.493189 1.000000 1.000000 1.000000
7374.189453 0.000000 657.771851 0.000000 0.647378 0.000000 0.762169 0.000000 0.000000 0.000000
7420.270508 0.000000 669.661987 0.000000 0.666623 0.000000 0.745395 1.000000 1.000000 1.000000
7434.048340 0.000000 610.344055 0.000000 0.871185 0.000000 0.490955 0.000000 0.000000 0.000000
7438.189453 0.000000 657.771851 0.000000 0.983220 0.000000 0.182425 1.000000 1.000000 1.000000
7424.290527 0.000000 655.693298 0.000000 0.315976 0.000000 0.948767 1.000000 1.000000 1.000000
7455.430176 0.000000 632.100098 0.000000 0.989478 0.000000 0.144682 1.000000 1.000000 1.000000
7451.221680 0.000000 667.356689 0.000000 0.396099 0.000000 0.918208 1.000000 1.000000 1.000000
7462.270996 0.000000 622.735046 0.000000 0.750339 0.000000 0.661053 0.000000 0.000000 0.000000
7456.909180 0.000000 663.571411 0.000000 0.895261 0.000000 0.445542 1.000000 1.000000 1.000000
7460.049805 0.000000 657.617676 0.000000 0.096202 0.000000 0.995362 1.000000 1.000000 1.000000
7193.924805 0.000000 731.052979 0.000000 0.123600 0.000000 0.992332 1.000000 1.000000 1.000000
7198.802246 0.000000 734.358032 0.000000 0.057443 0.000000 0.998349 0.000000 0.000000 0.000000
7171.589355 0.000000 746.679138 0.000000 0.774987 0.000000 0.631977 0.000000 0.000000 0.000000
7183.347656 0.000000 734.580933 0.000000 0.481954 0.000000 0.876196 0.000000 0.000000 0.000000
7324.282227 0.000000 714.708496 0.000000 0.983306 0.000000 0.181961 0.000000 0.000000 0.000000
7318.797363 0.000000 678.787109 0.000000 0.241685 0.000000 0.970355 0.000000 0.000000 0.000000
7310.716309 0.000000 687.546143 0.000000 0.683040 0.000000 0.730381 0.000000 0.000000 0.000000
7390.802246 0.000000 677.873657 0.000000 0.230514 0.000000 0.973069 0.000000 0.000000 0.000000
7399.866699 0.000000 719.516052 0.000000 0.840318 0.000000 0.542094 0.000000 0.000000 0.000000
7225.729980 0.000000 831.570740 0.000000 0.122107 0.000000 0.992517 0.000000 0.000000 0.000000
7273.423340 0.000000 823.203491 0.000000 0.127422 0.000000 0.991849 0.000000 0.000000 0.000000
7245.467773 0.000000 806.336548 0.000000 0.597814 0.000000 0.801635 0.000000 0.000000 0.000000
7189.035156 0.000000 887.982727 0.000000 0.266047 0.000000 0.963960 0.000000 0.000000 0.000000
7337.206543 0.000000 855.809265 0.000000 0.838346 0.000000 0.545139 0.000000 0.000000 0.000000
7390.802246 0.000000 847.326782 0.000000 0.719025 0.000000 0.694984 0.000000 0.000000 0.000000
7469.233887 0.000000 703.709778 0.000000 0.996298 0.000000 0.085963 0.000000 0.000000 0.000000
7527.866699 0.000000 719.516052 0.000000 0.549737 0.000000 0.835338 0.000000 0.000000 0.000000
7514.616699 0.000000 684.021912 0.000000 0.232046 0.000000 0.972705 1.000000 1.000000 1.000000
7474.281250 0.000000 777.366089 0.000000 0.449699 0.000000 0.893180 0.000000 0.000000 0.000000
7442.736816 0.000000 840.902283 0.000000 0.651278 0.000000 0.758840 1.000000 1.000000 1.000000
7529.206543 0.000000 799.324890 0.000000 0.038591 0.000000 0.999255 0.000000 0.000000 0.000000
7520.264648 0.000000 869.134155 0.000000 0.998451 0.000000 0.055646 1.000000 1.000000 1.000000
7518.802246 0.000000 847.326782 0.000000 0.545879 0.000000 0.837864 0.000000 0.000000 0.000000
7525.084961 0.000000 862.063232 0.000000 0.535043 0.000000 0.844825 1.000000 1.000000 1.000000
8052.885254 0.000000 503.626099 0.000000 0.661122 0.000000 0.750278 0.000000 0.000000 0.000000
8105.206543 0.000000 516.903015 0.000000 0.336047 0.000000 0.941845 0.000000 0.000000 0.000000
8105.206543 0.000000 573.387390 0.000000 0.350580 0.000000 0.936533 0.000000 0.000000 0.000000
8091.221680 0.000000 610.872314 0.000000 0.905792 0.000000 0.423722 0.000000 0.000000 0.000000
8111.365234 0.000000 595.647400 0.000000 0.263052 0.000000 0.964782 1.000000 1.000000 1.000000
8064.354004 0.000000 669.296021 0.000000 0.349621 0.000000 0.936891 0.000000 0.000000 0.000000
6706.281250 0.000000 946.819214 0.000000 0.337768 0.000000 0.941230 0.000000 0.000000 0.000000
6716.270508 0.000000 952.083862 0.000000 0.983421 0.000000 0.181339 0.000000 0.000000 0.000000
6717.041992 0.000000 959.408142 0.000000 0.671553 0.000000 0.740957 1.000000 1.000000 1.000000
6726.599121 0.000000 956.850952 0.000000 0.999077 0.000000 0.042960 0.000000 0.000000 0.000000
6729.163574 0.000000 943.050781 0.000000 0.982760 0.000000 0.184887 1.000000 1.000000 1.000000
6710.803711 0.000000 962.300537 0.000000 0.946715 0.000000 0.322071 0.000000 0.000000 0.000000
6719.683594 0.000000 973.274780 0.000000 0.475168 0.000000 0.879895 1.000000 1.000000 1.000000
6717.524414 0.000000 965.747803 0.000000 0.999313 0.000000 0.037062 1.000000 1.000000 1.000000
6729.453613 0.000000 966.553772 0.000000 0.999497 0.000000 0.031721 0.000000 0.000000 0.000000
6721.476562 0.000000 966.693054 0.000000 0.397122 0.000000 0.917766 0.000000 0.000000 0.000000
6825.206543 0.000000 912.293640 0.000000 0.399482 0.000000 0.916741 0.000000 0.000000 0.000000
6841.729980 0.000000 944.539490 0.000000 0.999997 0.000000 0.002482 0.000000 0.000000 0.000000
6883.530762 0.000000 954.338562 0.000000 0.391578 0.000000 0.920145 0.000000 0.000000 0.000000
6899.915527 0.000000 915.791321 0.000000 0.995361 0.000000 0.096213 0.000000 0.000000 0.000000
6781.524414 0.000000 1022.232178 0.000000 0.857565 0.000000 0.514375 1.000000 1.000000 1.000000
6902.803711 0.000000 1018.784912 0.000000 0.122000 0.000000 0.992530 0.000000 0.000000 0.000000
6893.255371 0.000000 1071.594238 0.000000 0.988628 0.000000 0.150381 1.000000 1.000000 1.000000
6861.467773 0.000000 1032.274048 0.000000 0.012459 0.000000 0.999922 0.000000 0.000000 0.000000
6900.449707 0.000000 1049.479248 0.000000 0.957347 0.000000 0.288942 0.000000 0.000000 0.000000
6906.133789 0.000000 1044.183228 0.000000 0.058759 0.000000 0.998272 0.000000 0.000000 0.000000
6855.650879 0.000000 1034.206177 0.000000 0.149257 0.000000 0.988798 1.000000 1.000000 1.000000
6889.206543 0.000000 1081.746826 0.000000 0.317039 0.000000 0.948412 0.000000 0.000000 0.000000
6899.915527 0.000000 1085.244385 0.000000 0.400177 0.000000 0.916438 0.000000 0.000000 0.000000
7008.264648 0.000000 925.618530 0.000000 0.268879 0.000000 0.963174 0.000000 0.000000 0.000000
7006.802246 0.000000 903.811157 0.000000 0.636598 0.000000 0.771196 0.000000 0.000000 0.000000
6990.716309 0.000000 913.483643 0.000000 0.601172 0.000000 0.799119 1.000000 1.000000 1.000000
6947.530762 0.000000 1010.822937 0.000000 0.999937 0.000000 0.011243 0.000000 0.000000 0.000000
6969.729980 0.000000 1001.023865 0.000000 0.666911 0.000000 0.745138 1.000000 1.000000 1.000000
7030.803711 0.000000 962.300537 0.000000 0.657432 0.000000 0.753514 0.000000 0.000000 0.000000
7085.255371 0.000000 958.625488 0.000000 0.594596 0.000000 0.804025 0.000000 0.000000 0.000000
7101.524414 0.000000 909.263428 0.000000 0.805100 0.000000 0.593139 1.000000 1.000000 1.000000
7056.020996 0.000000 947.978271 0.000000 0.323374 0.000000 0.946271 0.000000 0.000000 0.000000
7158.803711 0.000000 905.816162 0.000000 0.995051 0.000000 0.099364 0.000000 0.000000 0.000000
7161.729980 0.000000 944.539490 0.000000 0.150454 0.000000 0.988617 1.000000 1.000000 1.000000
7078.270996 0.000000 961.641296 0.000000 0.388181 0.000000 0.921583 0.000000 0.000000 0.000000
6944.264648 0.000000 1038.587280 0.000000 0.997307 0.000000 0.073346 1.000000 1.000000 1.000000
6957.901367 0.000000 1017.673157 0.000000 0.168689 0.000000 0.985669 1.000000 1.000000 1.000000
6944.264648 0.000000 1095.071655 0.000000 0.987137 0.000000 0.159878 0.000000 0.000000 0.000000
6945.639160 0.000000 1103.240723 0.000000 0.680557 0.000000 0.732695 0.000000 0.000000 0.000000
7039.683594 0.000000 1086.243530 0.000000 0.789242 0.000000 0.614082 0.000000 0.000000 0.000000
7023.844727 0.000000 1080.313599 0.000000 0.677491 0.000000 0.735531 1.000000 1.000000 1.000000
7059.921875 0.000000 1041.044189 0.000000 0.848232 0.000000 0.529624 0.000000 0.000000 0.000000
7068.282227 0.000000 1110.099121 0.000000 0.998061 0.000000 0.062244 1.000000 1.000000 1.000000
7062.797363 0.000000 1074.177734 0.000000 0.261942 0.000000 0.965084 0.000000 0.000000 0.000000
7059.298340 0.000000 1091.150269 0.000000 0.986786 0.000000 0.162028 1.000000 1.000000 1.000000
7104.354004 0.000000 1121.171021 0.000000 0.219241 0.000000 0.975671 0.000000 0.000000 0.000000
7164.270508 0.000000 1121.536987 0.000000 0.979912 0.000000 0.199433 0.000000 0.000000 0.000000
7155.915527 0.000000 1085.244385 0.000000 0.658506 0.000000 0.752575 0.000000 0.000000 0.000000
7107.716309 0.000000 1114.309326 0.000000 0.598063 0.000000 0.801449 0.000000 0.000000 0.000000
6964.600586 0.000000 1152.901367 0.000000 0.502057 0.000000 0.864835 0.000000 0.000000 0.000000
7017.206543 0.000000 1138.231201 0.000000 0.358269 0.000000 0.933618 0.000000 0.000000 0.000000
7030.803711 0.000000 1131.753662 0.000000 0.458038 0.000000 0.888933 0.000000 0.000000 0.000000
6986.048340 0.000000 1175.187866 0.000000 0.402879 0.000000 0.915253 0.000000 0.000000 0.000000
7041.476562 0.000000 1136.146240 0.000000 0.036770 0.000000 0.999324 0.000000 0.000000 0.000000
7049.095215 0.000000 1141.674927 0.000000 0.972141 0.000000 0.234398 1.000000 1.000000 1.000000
7167.683594 0.000000 1142.727905 0.000000 0.439794 0.000000 0.898099 0.000000 0.000000 0.000000
7113.453613 0.000000 1136.006836 0.000000 0.982522 0.000000 0.186148 1.000000 1.000000 1.000000
7113.095215 0.000000 1141.674927 0.000000 0.907437 0.000000 0.420189 1.000000 1.000000 1.000000
7146.581543 0.000000 1204.976685 0.000000 0.032089 0.000000 0.999485 0.000000 0.000000 0.000000
7149.901367 0.000000 1187.126343 0.000000 0.531546 0.000000 0.847029 1.000000 1.000000 1.000000
7142.465332 0.000000 1211.269653 0.000000 0.443562 0.000000 0.896244 0.000000 0.000000 0.000000
7189.035156 0.000000 944.467102 0.000000 0.719439 0.000000 0.694556 0.000000 0.000000 0.000000
7295.291016 0.000000 960.639465 0.000000 0.684761 0.000000 0.728768 1.000000 1.000000 1.000000
7310.189453 0.000000 996.678101 0.000000 0.526173 0.000000 0.850378 0.000000 0.000000 0.000000
7298.164551 0.000000 979.605896 0.000000 0.920724 0.000000 0.390215 0.000000 0.000000 0.000000
7218.281250 0.000000 1059.787964 0.000000 0.822248 0.000000 0.569130 0.000000 0.000000 0.000000
7177.453613 0.000000 1023.038147 0.000000 0.959900 0.000000 0.280343 0.000000 0.000000 0.000000
7188.950195 0.000000 1082.372314 0.000000 0.917109 0.000000 0.398636 0.000000 0.000000 0.000000
7182.189453 0.000000 1109.646851 0.000000 0.706468 0.000000 0.707745 0.000000 0.000000 0.000000
7210.581543 0.000000 1092.007935 0.000000 0.979936 0.000000 0.199315 0.000000 0.000000 0.000000
7204.049805 0.000000 1109.492676 0.000000 0.432232 0.000000 0.901762 0.000000 0.000000 0.000000
7175.650879 0.000000 1090.690552 0.000000 0.938506 0.000000 0.345262 0.000000 0.000000 0.000000
7177.163574 0.000000 1112.503906 0.000000 0.671110 0.000000 0.741358 1.000000 1.000000 1.000000
7246.124512 0.000000 1102.211914 0.000000 0.141645 0.000000 0.989918 1.000000 1.000000 1.000000
7321.924805 0.000000 1069.959229 0.000000 0.610775 0.000000 0.791804 0.000000 0.000000 0.000000
7417.426758 0.000000 1034.117676 0.000000 0.558017 0.000000 0.829829 0.000000 0.000000 0.000000
7417.915527 0.000000 1027.433472 0.000000 0.955403 0.000000 0.295306 1.000000 1.000000 1.000000
7359.683594 0.000000 1086.243530 0.000000 0.733122 0.000000 0.680097 0.000000 0.000000 0.000000
7343.844727 0.000000 1080.313599 0.000000 0.923545 0.000000 0.383490 1.000000 1.000000 1.000000
7359.291016 0.000000 1073.608154 0.000000 0.568309 0.000000 0.822815 1.000000 1.000000 1.000000
7380.950195 0.000000 1082.372314 0.000000 0.117355 0.000000 0.993090 0.000000 0.000000 0.000000
7378.736816 0.000000 1123.324219 0.000000 0.997764 0.000000 0.066840 0.000000 0.000000 0.000000
7401.423340 0.000000 1105.625366 0.000000 0.643847 0.000000 0.765154 1.000000 1.000000 1.000000
7360.290527 0.000000 1107.568237 0.000000 0.078856 0.000000 0.996886 1.000000 1.000000 1.000000
7379.921875 0.000000 1097.528564 0.000000 0.485481 0.000000 0.874247 0.000000 0.000000 0.000000
7370.048340 0.000000 1118.703491 0.000000 0.967500 0.000000 0.252873 0.000000 0.000000 0.000000
7412.885254 0.000000 1124.954224 0.000000 0.676728 0.000000 0.736233 0.000000 0.000000 0.000000
7459.530762 0.000000 954.338562 0.000000 0.475089 0.000000 0.879938 0.000000 0.000000 0.000000
7491.834473 0.000000 903.752502 0.000000 0.176933 0.000000 0.984223 0.000000 0.000000 0.000000
7540.600586 0.000000 926.963806 0.000000 0.961900 0.000000 0.273403 0.000000 0.000000 0.000000
7527.866699 0.000000 945.453552 0.000000 0.096775 0.000000 0.995306 0.000000 0.000000 0.000000
7462.270996 0.000000 961.641296 0.000000 0.043932 0.000000 0.999035 1.000000 1.000000 1.000000
7478.872070 0.000000 1006.568787 0.000000 0.082848 0.000000 0.996562 1.000000 1.000000 1.000000
7175.674805 0.000000 1153.633545 0.000000 0.745967 0.000000 0.665983 0.000000 0.000000 0.000000
7346.281250 0.000000 1172.756714 0.000000 0.119034 0.000000 0.992890 0.000000 0.000000 0.000000
7341.255371 0.000000 1184.562988 0.000000 0.654942 0.000000 0.755679 0.000000 0.000000 0.000000
7348.449707 0.000000 1162.447998 0.000000 0.986255 0.000000 0.165232 1.000000 1.000000 1.000000
7353.729980 0.000000 1170.477051 0.000000 0.289207 0.000000 0.957267 0.000000 0.000000 0.000000
7363.589355 0.000000 1142.069702 0.000000 0.626613 0.000000 0.779330 0.000000 0.000000 0.000000
7385.268555 0.000000 1146.096680 0.000000 0.245573 0.000000 0.969378 0.000000 0.000000 0.000000
7872.354004 0.000000 1008.202271 0.000000 0.556861 0.000000 0.830606 0.000000 0.000000 0.000000
7886.189453 0.000000 996.678101 0.000000 0.821883 0.000000 0.569656 0.000000 0.000000 0.000000
"}
object={
	name="european_dynamic_forestry_objects_generator_1_1"
	clamp_to_water_level=no
	render_under_water=no
	generated_content=yes
	layer="forestry_dynamic"
	pdxmesh="generic_rural_forestry_camp_02_mesh"
	count=238
	transform="99.530869 0.000000 3270.197998 0.000000 0.300842 0.000000 -0.953674 0.000000 0.000000 0.000000
155.221832 0.000000 3265.637939 0.000000 0.743234 0.000000 -0.669031 0.000000 0.000000 0.000000
35.530869 0.000000 3326.682373 0.000000 0.881191 0.000000 -0.472760 0.000000 0.000000 0.000000
54.803516 0.000000 3278.159912 0.000000 0.920606 0.000000 -0.390494 0.000000 0.000000 0.000000
47.844566 0.000000 3283.204102 0.000000 0.995202 0.000000 -0.097846 1.000000 1.000000 1.000000
45.790882 0.000000 3289.431885 0.000000 0.870529 0.000000 -0.492117 0.000000 0.000000 0.000000
111.844566 0.000000 3283.204102 0.000000 0.931689 0.000000 -0.363257 0.000000 0.000000 0.000000
78.716240 0.000000 3285.827393 0.000000 0.999284 0.000000 -0.037834 1.000000 1.000000 1.000000
54.803516 0.000000 3334.644287 0.000000 0.959633 0.000000 -0.281256 0.000000 0.000000 0.000000
131.834518 0.000000 3276.096191 0.000000 0.095100 0.000000 -0.995468 0.000000 0.000000 0.000000
160.264435 0.000000 3297.962158 0.000000 0.998694 0.000000 -0.051098 0.000000 0.000000 0.000000
1961.206665 0.000000 3002.215576 0.000000 0.047913 0.000000 -0.998851 0.000000 0.000000 0.000000
6780.270508 0.000000 726.146362 0.000000 0.120823 0.000000 -0.992674 0.000000 0.000000 0.000000
6761.206543 0.000000 742.840515 0.000000 0.844427 0.000000 -0.535671 0.000000 0.000000 0.000000
6784.354004 0.000000 725.780396 0.000000 0.839053 0.000000 -0.544050 0.000000 0.000000 0.000000
6784.354004 0.000000 782.264771 0.000000 0.544898 0.000000 -0.838502 0.000000 0.000000 0.000000
6787.834473 0.000000 734.299377 0.000000 0.679642 0.000000 -0.733544 1.000000 1.000000 1.000000
6835.915527 0.000000 746.338196 0.000000 0.999926 0.000000 -0.012139 0.000000 0.000000 0.000000
6822.270996 0.000000 735.703796 0.000000 0.426563 0.000000 -0.904458 1.000000 1.000000 1.000000
6830.271484 0.000000 771.585388 0.000000 0.240057 0.000000 -0.970759 0.000000 0.000000 0.000000
6851.834473 0.000000 734.299377 0.000000 0.365010 0.000000 -0.931004 0.000000 0.000000 0.000000
6898.281250 0.000000 777.366089 0.000000 0.978967 0.000000 -0.204017 0.000000 0.000000 0.000000
6900.885254 0.000000 786.047974 0.000000 0.258753 0.000000 -0.965944 1.000000 1.000000 1.000000
6886.270996 0.000000 735.703796 0.000000 0.985438 0.000000 -0.170037 1.000000 1.000000 1.000000
6895.844727 0.000000 741.407349 0.000000 0.287919 0.000000 -0.957655 1.000000 1.000000 1.000000
6783.683594 0.000000 803.821655 0.000000 0.939394 0.000000 -0.342839 1.000000 1.000000 1.000000
6733.467773 0.000000 806.336548 0.000000 0.797585 0.000000 -0.603207 0.000000 0.000000 0.000000
6741.035156 0.000000 831.498352 0.000000 0.067503 0.000000 -0.997719 0.000000 0.000000 0.000000
6734.716309 0.000000 800.514893 0.000000 0.369223 0.000000 -0.929341 1.000000 1.000000 1.000000
6781.733887 0.000000 881.475830 0.000000 0.049618 0.000000 -0.998768 0.000000 0.000000 0.000000
6772.449707 0.000000 880.026123 0.000000 0.570571 0.000000 -0.821249 0.000000 0.000000 0.000000
6726.599121 0.000000 900.366577 0.000000 0.868864 0.000000 -0.495051 0.000000 0.000000 0.000000
6729.095215 0.000000 859.253052 0.000000 0.292137 0.000000 -0.956376 1.000000 1.000000 1.000000
6845.733887 0.000000 824.991455 0.000000 0.997377 0.000000 -0.072388 0.000000 0.000000 0.000000
6787.589355 0.000000 803.163513 0.000000 0.301882 0.000000 -0.953345 0.000000 0.000000 0.000000
6842.133789 0.000000 818.245728 0.000000 0.514606 0.000000 -0.857427 1.000000 1.000000 1.000000
6889.206543 0.000000 799.324890 0.000000 0.040371 0.000000 -0.999185 0.000000 0.000000 0.000000
6868.950195 0.000000 799.950439 0.000000 0.980750 0.000000 -0.195267 0.000000 0.000000 0.000000
6834.281250 0.000000 890.334839 0.000000 0.958927 0.000000 -0.283654 0.000000 0.000000 0.000000
6844.270508 0.000000 895.599487 0.000000 0.281359 0.000000 -0.959603 0.000000 0.000000 0.000000
6836.449707 0.000000 880.026123 0.000000 0.527717 0.000000 -0.849420 0.000000 0.000000 0.000000
6821.084961 0.000000 862.063232 0.000000 0.953662 0.000000 -0.300880 0.000000 0.000000 0.000000
6848.354004 0.000000 895.233521 0.000000 0.342398 0.000000 -0.939555 0.000000 0.000000 0.000000
6866.736816 0.000000 897.386658 0.000000 0.111782 0.000000 -0.993733 0.000000 0.000000 0.000000
6895.365234 0.000000 878.069275 0.000000 0.309805 0.000000 -0.950800 1.000000 1.000000 1.000000
6940.282227 0.000000 771.192871 0.000000 0.496863 0.000000 -0.867829 0.000000 0.000000 0.000000
6957.255371 0.000000 789.172363 0.000000 0.974928 0.000000 -0.222521 0.000000 0.000000 0.000000
6951.866699 0.000000 776.000427 0.000000 0.661306 0.000000 -0.750116 0.000000 0.000000 0.000000
6957.233887 0.000000 760.194153 0.000000 0.985144 0.000000 -0.171731 1.000000 1.000000 1.000000
6942.773926 0.000000 750.768555 0.000000 0.903264 0.000000 -0.429086 1.000000 1.000000 1.000000
7004.282227 0.000000 771.192871 0.000000 0.045804 0.000000 -0.998950 0.000000 0.000000 0.000000
7022.271484 0.000000 771.585388 0.000000 0.214746 0.000000 -0.976670 1.000000 1.000000 1.000000
7075.530762 0.000000 784.885437 0.000000 0.605195 0.000000 -0.796077 0.000000 0.000000 0.000000
7085.255371 0.000000 789.172363 0.000000 0.583993 0.000000 -0.811759 0.000000 0.000000 0.000000
7097.729980 0.000000 775.086365 0.000000 0.994716 0.000000 -0.102669 0.000000 0.000000 0.000000
7118.189453 0.000000 770.740601 0.000000 0.997532 0.000000 -0.070213 0.000000 0.000000 0.000000
6957.901367 0.000000 791.735657 0.000000 0.287563 0.000000 -0.957762 0.000000 0.000000 0.000000
6973.524414 0.000000 796.294678 0.000000 0.253765 0.000000 -0.967266 1.000000 1.000000 1.000000
6990.124512 0.000000 819.790039 0.000000 0.571764 0.000000 -0.820418 0.000000 0.000000 0.000000
6985.163574 0.000000 830.082031 0.000000 0.995700 0.000000 -0.092632 1.000000 1.000000 1.000000
6912.354004 0.000000 895.233521 0.000000 0.999466 0.000000 -0.032678 0.000000 0.000000 0.000000
6928.020996 0.000000 891.493896 0.000000 0.999489 0.000000 -0.031969 0.000000 0.000000 0.000000
7003.221680 0.000000 893.294189 0.000000 0.515823 0.000000 -0.856695 0.000000 0.000000 0.000000
7050.048340 0.000000 836.281555 0.000000 0.284009 0.000000 -0.958822 0.000000 0.000000 0.000000
7097.729980 0.000000 831.570740 0.000000 0.943583 0.000000 -0.331135 0.000000 0.000000 0.000000
7104.354004 0.000000 838.749146 0.000000 0.829547 0.000000 -0.558437 0.000000 0.000000 0.000000
7055.347656 0.000000 847.549683 0.000000 0.314166 0.000000 -0.949368 1.000000 1.000000 1.000000
7065.268555 0.000000 863.674744 0.000000 0.564179 0.000000 -0.825652 0.000000 0.000000 0.000000
7104.354004 0.000000 895.233521 0.000000 0.996794 0.000000 -0.080011 0.000000 0.000000 0.000000
7289.729980 0.000000 662.117615 0.000000 0.240464 0.000000 -0.970658 0.000000 0.000000 0.000000
7293.041992 0.000000 676.986267 0.000000 0.980624 0.000000 -0.195899 0.000000 0.000000 0.000000
7367.674805 0.000000 588.789795 0.000000 0.108679 0.000000 -0.994077 0.000000 0.000000 0.000000
7378.736816 0.000000 614.964783 0.000000 0.999514 0.000000 -0.031160 0.000000 0.000000 0.000000
7324.282227 0.000000 658.224121 0.000000 0.094858 0.000000 -0.995491 1.000000 1.000000 1.000000
7314.736816 0.000000 671.449158 0.000000 0.112278 0.000000 -0.993677 0.000000 0.000000 0.000000
7337.423340 0.000000 653.750366 0.000000 0.761267 0.000000 -0.648439 1.000000 1.000000 1.000000
7299.589355 0.000000 633.710388 0.000000 0.258218 0.000000 -0.966087 0.000000 0.000000 0.000000
7311.347656 0.000000 621.612183 0.000000 0.842330 0.000000 -0.538962 0.000000 0.000000 0.000000
7309.467773 0.000000 636.883423 0.000000 0.367919 0.000000 -0.929858 1.000000 1.000000 1.000000
7348.449707 0.000000 654.088623 0.000000 0.525237 0.000000 -0.850956 0.000000 0.000000 0.000000
7321.924805 0.000000 674.568604 0.000000 0.601385 0.000000 -0.798959 0.000000 0.000000 0.000000
7354.133789 0.000000 648.792603 0.000000 0.995245 0.000000 -0.097407 1.000000 1.000000 1.000000
7332.049805 0.000000 657.617676 0.000000 0.058365 0.000000 -0.998295 1.000000 1.000000 1.000000
7303.650879 0.000000 638.815491 0.000000 0.419482 0.000000 -0.907763 0.000000 0.000000 0.000000
7423.683594 0.000000 634.368530 0.000000 0.931872 0.000000 -0.362788 0.000000 0.000000 0.000000
7390.802246 0.000000 621.389282 0.000000 0.052992 0.000000 -0.998595 0.000000 0.000000 0.000000
7405.255371 0.000000 676.203613 0.000000 0.357385 0.000000 -0.933957 1.000000 1.000000 1.000000
7381.428223 0.000000 653.675781 0.000000 0.258864 0.000000 -0.965914 0.000000 0.000000 0.000000
7417.729980 0.000000 662.117615 0.000000 0.331548 0.000000 -0.943438 0.000000 0.000000 0.000000
7360.315430 0.000000 647.753723 0.000000 0.956768 0.000000 -0.290853 0.000000 0.000000 0.000000
7438.189453 0.000000 601.287476 0.000000 0.566259 0.000000 -0.824227 0.000000 0.000000 0.000000
7488.354004 0.000000 612.811646 0.000000 0.693498 0.000000 -0.720459 0.000000 0.000000 0.000000
7431.674805 0.000000 645.274170 0.000000 0.732556 0.000000 -0.680706 0.000000 0.000000 0.000000
7442.736816 0.000000 671.449158 0.000000 0.138592 0.000000 -0.990350 1.000000 1.000000 1.000000
7465.423340 0.000000 653.750366 0.000000 0.848260 0.000000 -0.529580 0.000000 0.000000 0.000000
7434.048340 0.000000 666.828430 0.000000 0.392815 0.000000 -0.919618 1.000000 1.000000 1.000000
7427.716309 0.000000 662.434265 0.000000 0.943517 0.000000 -0.331324 0.000000 0.000000 0.000000
7458.074219 0.000000 626.847900 0.000000 0.699425 0.000000 -0.714706 1.000000 1.000000 1.000000
7186.736816 0.000000 727.933533 0.000000 0.773778 0.000000 -0.633457 0.000000 0.000000 0.000000
7271.866699 0.000000 719.516052 0.000000 0.416470 0.000000 -0.909150 0.000000 0.000000 0.000000
7190.797363 0.000000 735.271484 0.000000 0.612341 0.000000 -0.790594 0.000000 0.000000 0.000000
7170.164551 0.000000 753.668396 0.000000 0.899738 0.000000 -0.436430 1.000000 1.000000 1.000000
7310.189453 0.000000 714.256226 0.000000 0.900985 0.000000 -0.433850 0.000000 0.000000 0.000000
7306.048340 0.000000 723.312805 0.000000 0.662282 0.000000 -0.749254 1.000000 1.000000 1.000000
7321.268555 0.000000 694.221619 0.000000 0.862296 0.000000 -0.506405 0.000000 0.000000 0.000000
7305.163574 0.000000 717.113281 0.000000 0.993185 0.000000 -0.116551 1.000000 1.000000 1.000000
7421.733887 0.000000 712.022705 0.000000 0.919675 0.000000 -0.392679 0.000000 0.000000 0.000000
7405.255371 0.000000 732.687988 0.000000 0.122844 0.000000 -0.992426 0.000000 0.000000 0.000000
7387.221680 0.000000 723.841064 0.000000 0.997772 0.000000 -0.066723 0.000000 0.000000 0.000000
7405.901367 0.000000 678.766907 0.000000 0.968811 0.000000 -0.247801 1.000000 1.000000 1.000000
7418.133789 0.000000 705.276978 0.000000 0.560565 0.000000 -0.828110 0.000000 0.000000 0.000000
7396.049805 0.000000 714.102051 0.000000 0.938117 0.000000 -0.346318 0.000000 0.000000 0.000000
7210.581543 0.000000 809.586060 0.000000 0.658157 0.000000 -0.752881 1.000000 1.000000 1.000000
7200.909180 0.000000 833.024536 0.000000 0.627005 0.000000 -0.779015 0.000000 0.000000 0.000000
7260.282227 0.000000 827.677246 0.000000 0.932852 0.000000 -0.360259 0.000000 0.000000 0.000000
7271.866699 0.000000 832.484802 0.000000 0.561138 0.000000 -0.827722 0.000000 0.000000 0.000000
7253.428223 0.000000 823.128906 0.000000 0.212636 0.000000 -0.977131 0.000000 0.000000 0.000000
7284.885254 0.000000 842.532349 0.000000 0.784757 0.000000 -0.619803 0.000000 0.000000 0.000000
7276.186523 0.000000 838.489441 0.000000 0.754152 0.000000 -0.656700 0.000000 0.000000 0.000000
7168.354004 0.000000 895.233521 0.000000 0.643091 0.000000 -0.765790 0.000000 0.000000 0.000000
7188.950195 0.000000 856.434814 0.000000 0.316671 0.000000 -0.948536 0.000000 0.000000 0.000000
7203.530762 0.000000 897.854187 0.000000 0.444915 0.000000 -0.895573 0.000000 0.000000 0.000000
7182.189453 0.000000 883.709351 0.000000 0.453808 0.000000 -0.891100 0.000000 0.000000 0.000000
7181.467773 0.000000 862.820923 0.000000 0.564754 0.000000 -0.825259 0.000000 0.000000 0.000000
7193.924805 0.000000 900.506104 0.000000 0.134208 0.000000 -0.990953 0.000000 0.000000 0.000000
7187.298340 0.000000 865.212830 0.000000 0.933558 0.000000 -0.358426 1.000000 1.000000 1.000000
7175.650879 0.000000 864.752991 0.000000 0.996101 0.000000 -0.088222 1.000000 1.000000 1.000000
7310.189453 0.000000 827.224976 0.000000 0.456427 0.000000 -0.889761 0.000000 0.000000 0.000000
7317.035156 0.000000 831.498352 0.000000 0.926444 0.000000 -0.376434 0.000000 0.000000 0.000000
7452.282227 0.000000 714.708496 0.000000 0.342600 0.000000 -0.939481 0.000000 0.000000 0.000000
7476.600586 0.000000 701.026306 0.000000 0.805860 0.000000 -0.592106 1.000000 1.000000 1.000000
7457.639160 0.000000 707.850098 0.000000 0.346811 0.000000 -0.937935 1.000000 1.000000 1.000000
7431.693359 0.000000 709.645081 0.000000 0.828576 0.000000 -0.559876 0.000000 0.000000 0.000000
7450.840820 0.000000 704.516846 0.000000 0.573243 0.000000 -0.819385 0.000000 0.000000 0.000000
7426.164551 0.000000 697.184021 0.000000 0.964697 0.000000 -0.263361 0.000000 0.000000 0.000000
7424.290527 0.000000 768.662048 0.000000 0.836251 0.000000 -0.548347 0.000000 0.000000 0.000000
7433.163574 0.000000 773.597656 0.000000 0.220302 0.000000 -0.975432 0.000000 0.000000 0.000000
7551.683594 0.000000 747.337280 0.000000 0.597027 0.000000 -0.802221 0.000000 0.000000 0.000000
7507.921875 0.000000 758.622314 0.000000 0.496842 0.000000 -0.867841 0.000000 0.000000 0.000000
7559.674805 0.000000 758.242920 0.000000 0.923772 0.000000 -0.382942 0.000000 0.000000 0.000000
7487.683594 0.000000 803.821655 0.000000 0.406514 0.000000 -0.913645 0.000000 0.000000 0.000000
7476.449707 0.000000 823.541748 0.000000 0.513080 0.000000 -0.858341 0.000000 0.000000 0.000000
7457.639160 0.000000 820.818848 0.000000 0.504881 0.000000 -0.863189 0.000000 0.000000 0.000000
7470.271484 0.000000 828.069763 0.000000 0.998324 0.000000 -0.057868 0.000000 0.000000 0.000000
7520.909180 0.000000 833.024536 0.000000 0.010265 0.000000 -0.999947 1.000000 1.000000 1.000000
7529.206543 0.000000 855.809265 0.000000 0.137169 0.000000 -0.990548 0.000000 0.000000 0.000000
7494.599121 0.000000 900.366577 0.000000 0.997120 0.000000 -0.075838 1.000000 1.000000 1.000000
7522.074219 0.000000 852.785400 0.000000 0.637281 0.000000 -0.770632 0.000000 0.000000 0.000000
7572.950195 0.000000 799.950439 0.000000 0.525709 0.000000 -0.850665 0.000000 0.000000 0.000000
8102.465332 0.000000 589.941467 0.000000 0.870805 0.000000 -0.491629 0.000000 0.000000 0.000000
8094.802246 0.000000 621.389282 0.000000 0.940275 0.000000 -0.340417 0.000000 0.000000 0.000000
6713.915527 0.000000 970.949158 0.000000 0.806894 0.000000 -0.590696 1.000000 1.000000 1.000000
6750.802246 0.000000 960.295532 0.000000 0.853008 0.000000 -0.521898 0.000000 0.000000 0.000000
6723.589355 0.000000 972.616638 0.000000 0.881523 0.000000 -0.472142 0.000000 0.000000 0.000000
6729.095215 0.000000 972.221802 0.000000 0.454691 0.000000 -0.890649 0.000000 0.000000 0.000000
6886.270996 0.000000 905.156921 0.000000 0.847415 0.000000 -0.530931 1.000000 1.000000 1.000000
6867.298340 0.000000 921.697205 0.000000 0.412221 0.000000 -0.911084 0.000000 0.000000 0.000000
6893.255371 0.000000 1015.109863 0.000000 0.472757 0.000000 -0.881193 0.000000 0.000000 0.000000
6787.834473 0.000000 1016.721252 0.000000 0.949983 0.000000 -0.312303 0.000000 0.000000 0.000000
6851.834473 0.000000 1016.721252 0.000000 0.780059 0.000000 -0.625705 0.000000 0.000000 0.000000
6855.674805 0.000000 1040.664795 0.000000 0.151998 0.000000 -0.988381 0.000000 0.000000 0.000000
6908.270508 0.000000 1065.052612 0.000000 0.131315 0.000000 -0.991341 1.000000 1.000000 1.000000
6893.901367 0.000000 1017.673157 0.000000 0.665623 0.000000 -0.746288 0.000000 0.000000 0.000000
6902.803711 0.000000 1075.269287 0.000000 0.989428 0.000000 -0.145023 0.000000 0.000000 0.000000
6893.901367 0.000000 1074.157593 0.000000 0.416399 0.000000 -0.909182 1.000000 1.000000 1.000000
6895.844727 0.000000 1080.313599 0.000000 0.670148 0.000000 -0.742227 1.000000 1.000000 1.000000
7028.600586 0.000000 926.963806 0.000000 0.987905 0.000000 -0.155061 0.000000 0.000000 0.000000
7030.803711 0.000000 905.816162 0.000000 0.361968 0.000000 -0.932190 1.000000 1.000000 1.000000
6978.164551 0.000000 923.121521 0.000000 0.296964 0.000000 -0.954889 1.000000 1.000000 1.000000
7034.133789 0.000000 931.214478 0.000000 0.903262 0.000000 -0.429090 1.000000 1.000000 1.000000
6944.264648 0.000000 982.102905 0.000000 0.957787 0.000000 -0.287479 0.000000 0.000000 0.000000
6957.255371 0.000000 1015.109863 0.000000 0.950494 0.000000 -0.310742 1.000000 1.000000 1.000000
7017.206543 0.000000 968.778015 0.000000 0.788271 0.000000 -0.615328 0.000000 0.000000 0.000000
7020.186523 0.000000 1007.942566 0.000000 0.814963 0.000000 -0.579512 0.000000 0.000000 0.000000
6990.124512 0.000000 989.243164 0.000000 0.997761 0.000000 -0.066885 0.000000 0.000000 0.000000
7013.084961 0.000000 975.031982 0.000000 0.551101 0.000000 -0.834438 0.000000 0.000000 0.000000
7068.282227 0.000000 940.645996 0.000000 0.624235 0.000000 -0.781237 0.000000 0.000000 0.000000
7066.840820 0.000000 930.454346 0.000000 0.460254 0.000000 -0.887787 0.000000 0.000000 0.000000
7154.281250 0.000000 946.819214 0.000000 0.931256 0.000000 -0.364366 0.000000 0.000000 0.000000
7094.803711 0.000000 962.300537 0.000000 0.914687 0.000000 -0.404164 0.000000 0.000000 0.000000
7145.206543 0.000000 968.778015 0.000000 0.998443 0.000000 -0.055785 0.000000 0.000000 0.000000
7132.282227 0.000000 997.130371 0.000000 0.214636 0.000000 -0.976694 0.000000 0.000000 0.000000
6945.639160 0.000000 1046.756348 0.000000 0.991276 0.000000 -0.131803 0.000000 0.000000 0.000000
6966.803711 0.000000 1075.269287 0.000000 0.691992 0.000000 -0.721905 0.000000 0.000000 0.000000
7007.273438 0.000000 1128.079590 0.000000 0.674640 0.000000 -0.738147 1.000000 1.000000 1.000000
7092.449707 0.000000 1049.479248 0.000000 0.834855 0.000000 -0.550469 0.000000 0.000000 0.000000
7097.426758 0.000000 1090.602051 0.000000 0.467790 0.000000 -0.883839 0.000000 0.000000 0.000000
7107.834473 0.000000 1073.205688 0.000000 0.999231 0.000000 -0.039222 0.000000 0.000000 0.000000
7132.282227 0.000000 1110.099121 0.000000 0.111212 0.000000 -0.993797 0.000000 0.000000 0.000000
6954.581543 0.000000 1148.492310 0.000000 0.647492 0.000000 -0.762073 0.000000 0.000000 0.000000
6996.950195 0.000000 1138.856689 0.000000 0.986183 0.000000 -0.165661 0.000000 0.000000 0.000000
7006.802246 0.000000 1129.748657 0.000000 0.945236 0.000000 -0.326387 1.000000 1.000000 1.000000
6995.921875 0.000000 1154.012939 0.000000 0.960113 0.000000 -0.279612 0.000000 0.000000 0.000000
7007.430176 0.000000 1140.459473 0.000000 0.988228 0.000000 -0.152988 0.000000 0.000000 0.000000
6989.467773 0.000000 1145.242798 0.000000 0.136233 0.000000 -0.990677 0.000000 0.000000 0.000000
6976.315430 0.000000 1156.113037 0.000000 0.608665 0.000000 -0.793427 1.000000 1.000000 1.000000
6990.146973 0.000000 1151.541016 0.000000 0.483898 0.000000 -0.875124 1.000000 1.000000 1.000000
7049.453613 0.000000 1136.006836 0.000000 0.989751 0.000000 -0.142806 1.000000 1.000000 1.000000
7149.255371 0.000000 1184.562988 0.000000 0.075282 0.000000 -0.997162 0.000000 0.000000 0.000000
7156.600586 0.000000 1209.385742 0.000000 0.125629 0.000000 -0.992077 0.000000 0.000000 0.000000
7158.803711 0.000000 1188.238037 0.000000 0.062315 0.000000 -0.998057 0.000000 0.000000 0.000000
7165.733887 0.000000 1220.382080 0.000000 0.201267 0.000000 -0.979536 0.000000 0.000000 0.000000
7150.271484 0.000000 1223.460327 0.000000 0.432021 0.000000 -0.901864 0.000000 0.000000 0.000000
7206.270996 0.000000 905.156921 0.000000 0.978856 0.000000 -0.204553 1.000000 1.000000 1.000000
7253.035156 0.000000 944.467102 0.000000 0.905366 0.000000 -0.424631 0.000000 0.000000 0.000000
7262.802246 0.000000 960.295532 0.000000 0.040223 0.000000 -0.999191 0.000000 0.000000 0.000000
7263.430176 0.000000 971.006348 0.000000 0.879198 0.000000 -0.476457 0.000000 0.000000 0.000000
7360.354004 0.000000 1008.202271 0.000000 0.457903 0.000000 -0.889002 0.000000 0.000000 0.000000
7293.524414 0.000000 1022.232178 0.000000 0.070697 0.000000 -0.997498 0.000000 0.000000 0.000000
7213.791016 0.000000 1086.541260 0.000000 0.275777 0.000000 -0.961222 0.000000 0.000000 0.000000
7252.950195 0.000000 1082.372314 0.000000 0.359615 0.000000 -0.933101 0.000000 0.000000 0.000000
7286.803711 0.000000 1075.269287 0.000000 0.534176 0.000000 -0.845373 0.000000 0.000000 0.000000
7357.041992 0.000000 1072.376831 0.000000 0.991707 0.000000 -0.128516 0.000000 0.000000 0.000000
7363.834473 0.000000 1016.721252 0.000000 0.157233 0.000000 -0.987562 0.000000 0.000000 0.000000
7423.419434 0.000000 1038.590820 0.000000 0.989547 0.000000 -0.144210 0.000000 0.000000 0.000000
7346.281250 0.000000 1116.272339 0.000000 0.739180 0.000000 -0.673508 1.000000 1.000000 1.000000
7347.915527 0.000000 1085.244385 0.000000 0.211367 0.000000 -0.977407 0.000000 0.000000 0.000000
7340.186523 0.000000 1120.911377 0.000000 0.153030 0.000000 -0.988221 1.000000 1.000000 1.000000
7350.872070 0.000000 1119.537476 0.000000 0.128922 0.000000 -0.991655 1.000000 1.000000 1.000000
7367.674805 0.000000 1097.149170 0.000000 0.178287 0.000000 -0.983978 0.000000 0.000000 0.000000
7405.255371 0.000000 1128.078613 0.000000 0.912847 0.000000 -0.408302 0.000000 0.000000 0.000000
7396.049805 0.000000 1109.492676 0.000000 0.979209 0.000000 -0.202854 1.000000 1.000000 1.000000
7452.282227 0.000000 940.645996 0.000000 0.027847 0.000000 -0.999612 1.000000 1.000000 1.000000
7463.866699 0.000000 945.453552 0.000000 0.970437 0.000000 -0.241353 0.000000 0.000000 0.000000
7445.428223 0.000000 936.097656 0.000000 0.863703 0.000000 -0.504001 0.000000 0.000000 0.000000
7456.909180 0.000000 945.993286 0.000000 0.384945 0.000000 -0.922940 1.000000 1.000000 1.000000
7506.736816 0.000000 953.871033 0.000000 0.842230 0.000000 -0.539119 0.000000 0.000000 0.000000
7549.733887 0.000000 937.960205 0.000000 0.204907 0.000000 -0.978781 0.000000 0.000000 0.000000
7534.271484 0.000000 941.038513 0.000000 0.662767 0.000000 -0.748826 0.000000 0.000000 0.000000
7430.599121 0.000000 1013.335327 0.000000 0.162576 0.000000 -0.986696 0.000000 0.000000 0.000000
7488.290527 0.000000 994.599548 0.000000 0.879182 0.000000 -0.476486 1.000000 1.000000 1.000000
7182.716309 0.000000 1139.421143 0.000000 0.780730 0.000000 -0.624868 0.000000 0.000000 0.000000
7357.733887 0.000000 1163.897705 0.000000 0.534279 0.000000 -0.845308 1.000000 1.000000 1.000000
7373.467773 0.000000 1145.242798 0.000000 0.981436 0.000000 -0.191790 1.000000 1.000000 1.000000
7360.315430 0.000000 1156.113037 0.000000 0.877899 0.000000 -0.478847 1.000000 1.000000 1.000000
7369.095215 0.000000 1141.674927 0.000000 0.317281 0.000000 -0.948332 1.000000 1.000000 1.000000
7347.915527 0.000000 1198.213135 0.000000 0.574337 0.000000 -0.818619 0.000000 0.000000 0.000000
7357.524414 0.000000 1191.685303 0.000000 0.968301 0.000000 -0.249786 0.000000 0.000000 0.000000
"}
