object={
	name="french_dynamic_forestry_objects_generator_2_0"
	clamp_to_water_level=no
	render_under_water=no
	generated_content=yes
	layer="forestry_dynamic"
	pdxmesh="generic_forestry_lumberpile_02_mesh"
	count=143
	transform="4073.423340 0.000000 2574.218994 0.000000 0.005022 0.000000 -0.999987 0.000000 0.000000 0.000000
4077.255371 0.000000 2596.672363 0.000000 0.384253 0.000000 0.923228 0.000000 0.000000 0.000000
4084.885254 0.000000 2593.548096 0.000000 0.940986 0.000000 0.338447 0.000000 0.000000 0.000000
4070.465332 0.000000 2566.894531 0.000000 0.707225 0.000000 0.706989 0.000000 0.000000 0.000000
4058.661621 0.000000 2563.234619 0.000000 0.997171 0.000000 -0.075166 0.000000 0.000000 0.000000
4094.127197 0.000000 2559.236816 0.000000 0.728026 0.000000 0.685550 0.000000 0.000000 0.000000
4074.064209 0.000000 2593.120605 0.000000 0.833009 0.000000 0.553259 0.000000 0.000000 0.000000
4083.409180 0.000000 2567.283203 0.000000 0.779379 0.000000 -0.626552 0.000000 0.000000 0.000000
4074.581543 0.000000 2617.086182 0.000000 0.862936 0.000000 -0.505314 0.000000 0.000000 0.000000
4095.097656 0.000000 2637.670410 0.000000 0.571184 0.000000 0.820822 0.000000 0.000000 0.000000
3993.924805 0.000000 2708.006104 0.000000 0.842558 0.000000 0.538606 0.000000 0.000000 0.000000
4013.059814 0.000000 2697.157471 0.000000 0.988131 0.000000 -0.153613 0.000000 0.000000 0.000000
4076.186279 0.000000 2702.473877 0.000000 0.060321 0.000000 0.998179 0.000000 0.000000 0.000000
4050.852783 0.000000 2691.373047 0.000000 0.296521 0.000000 0.955026 0.000000 0.000000 0.000000
4054.690430 0.000000 2682.782471 0.000000 0.957507 0.000000 0.288410 0.000000 0.000000 0.000000
4069.993652 0.000000 2684.328857 0.000000 0.445183 0.000000 0.895440 0.000000 0.000000 0.000000
4043.443359 0.000000 2684.752686 0.000000 0.336967 0.000000 -0.941516 0.000000 0.000000 0.000000
4026.875244 0.000000 2711.404541 0.000000 0.981391 0.000000 -0.192018 0.000000 0.000000 0.000000
4146.281250 0.000000 2584.865967 0.000000 0.319323 0.000000 -0.947646 0.000000 0.000000 0.000000
4128.264648 0.000000 2563.665283 0.000000 0.310289 0.000000 0.950642 0.000000 0.000000 0.000000
4135.866699 0.000000 2583.500488 0.000000 0.999696 0.000000 0.024662 0.000000 0.000000 0.000000
4123.221680 0.000000 2587.825439 0.000000 0.998099 0.000000 -0.061638 0.000000 0.000000 0.000000
4128.909180 0.000000 2584.040283 0.000000 0.620587 0.000000 -0.784137 0.000000 0.000000 0.000000
4132.049805 0.000000 2578.086426 0.000000 0.998667 0.000000 -0.051612 0.000000 0.000000 0.000000
4145.916504 0.000000 2559.586914 0.000000 0.572252 0.000000 0.820078 0.000000 0.000000 0.000000
4135.675293 0.000000 2596.570801 0.000000 0.586942 0.000000 -0.809629 0.000000 0.000000 0.000000
4122.661621 0.000000 2563.234619 0.000000 0.343499 0.000000 -0.939153 0.000000 0.000000 0.000000
4142.917969 0.000000 2563.111572 0.000000 0.915449 0.000000 -0.402434 0.000000 0.000000 0.000000
4137.396484 0.000000 2555.555664 0.000000 0.252495 0.000000 -0.967598 0.000000 0.000000 0.000000
4114.409180 0.000000 2570.206299 0.000000 0.943735 0.000000 0.330702 0.000000 0.000000 0.000000
4149.757812 0.000000 2561.161621 0.000000 0.195885 0.000000 0.980627 0.000000 0.000000 0.000000
4158.612305 0.000000 2593.437256 0.000000 0.927262 0.000000 0.374414 0.000000 0.000000 0.000000
4132.219727 0.000000 2581.954346 0.000000 0.937144 0.000000 0.348942 0.000000 0.000000 0.000000
4142.165527 0.000000 2559.339111 0.000000 0.284259 0.000000 0.958748 0.000000 0.000000 0.000000
4132.176270 0.000000 2585.816406 0.000000 0.971646 0.000000 -0.236441 0.000000 0.000000 0.000000
4125.234863 0.000000 2565.505615 0.000000 0.993419 0.000000 0.114537 0.000000 0.000000 0.000000
4125.587891 0.000000 2561.464600 0.000000 0.318027 0.000000 -0.948082 0.000000 0.000000 0.000000
4134.643555 0.000000 2593.499023 0.000000 0.011035 0.000000 0.999939 1.000000 1.000000 1.000000
4146.335449 0.000000 2562.689941 0.000000 0.991647 0.000000 -0.128980 0.000000 0.000000 0.000000
4134.737793 0.000000 2580.274658 0.000000 0.794067 0.000000 0.607831 0.000000 0.000000 0.000000
4137.246582 0.000000 2590.108643 0.000000 0.961695 0.000000 0.274121 0.000000 0.000000 0.000000
4123.116211 0.000000 2560.272217 0.000000 0.057028 0.000000 0.998373 0.000000 0.000000 0.000000
4159.022949 0.000000 2595.962402 0.000000 0.840378 0.000000 0.542000 0.000000 0.000000 0.000000
4134.352539 0.000000 2590.985352 0.000000 0.854093 0.000000 0.520121 0.000000 0.000000 0.000000
4136.272949 0.000000 2592.012451 0.000000 0.560188 0.000000 -0.828365 0.000000 0.000000 0.000000
4124.897949 0.000000 2563.435791 0.000000 0.995930 0.000000 0.090131 1.000000 1.000000 1.000000
4148.288574 0.000000 2562.626953 0.000000 0.564191 0.000000 -0.825645 0.000000 0.000000 0.000000
4188.282227 0.000000 2578.692871 0.000000 0.980558 0.000000 -0.196227 0.000000 0.000000 0.000000
4181.428223 0.000000 2574.144531 0.000000 0.639861 0.000000 -0.768491 0.000000 0.000000 0.000000
4218.133789 0.000000 2569.261230 0.000000 0.199323 0.000000 -0.979934 0.000000 0.000000 0.000000
4161.469238 0.000000 2596.344971 0.000000 0.936510 0.000000 0.350641 0.000000 0.000000 0.000000
4160.226074 0.000000 2593.113770 0.000000 0.330029 0.000000 -0.943971 0.000000 0.000000 0.000000
4238.189453 0.000000 2578.240723 0.000000 0.088862 0.000000 0.996044 0.000000 0.000000 0.000000
4126.802246 0.000000 2598.342285 0.000000 0.804346 0.000000 -0.594162 0.000000 0.000000 0.000000
4096.290527 0.000000 2632.646484 0.000000 0.513899 0.000000 -0.857851 0.000000 0.000000 0.000000
4159.419434 0.000000 2620.153320 0.000000 0.973261 0.000000 -0.229702 0.000000 0.000000 0.000000
4134.270996 0.000000 2599.688232 0.000000 0.527464 0.000000 -0.849578 0.000000 0.000000 0.000000
4157.524414 0.000000 2603.794678 0.000000 0.992841 0.000000 0.119447 0.000000 0.000000 0.000000
4150.872070 0.000000 2644.615723 0.000000 0.963448 0.000000 0.267897 0.000000 0.000000 0.000000
4143.365234 0.000000 2629.084961 0.000000 0.831568 0.000000 0.555424 0.000000 0.000000 0.000000
4145.044434 0.000000 2646.965088 0.000000 0.631323 0.000000 -0.775520 0.000000 0.000000 0.000000
4119.538086 0.000000 2634.568115 0.000000 0.185755 0.000000 -0.982596 0.000000 0.000000 0.000000
4096.073242 0.000000 2636.842773 0.000000 0.155252 0.000000 0.987875 0.000000 0.000000 0.000000
4148.392090 0.000000 2646.667969 0.000000 0.780366 0.000000 0.625323 0.000000 0.000000 0.000000
4117.175293 0.000000 2633.499268 0.000000 0.984570 0.000000 -0.174993 1.000000 1.000000 1.000000
4119.654785 0.000000 2631.936768 0.000000 0.722233 0.000000 -0.691650 0.000000 0.000000 0.000000
4146.714844 0.000000 2648.754150 0.000000 0.601619 0.000000 -0.798783 0.000000 0.000000 0.000000
4143.221680 0.000000 2631.579834 0.000000 0.821045 0.000000 -0.570863 0.000000 0.000000 0.000000
4145.077637 0.000000 2630.669189 0.000000 0.033614 0.000000 -0.999435 0.000000 0.000000 0.000000
4167.674805 0.000000 2622.227295 0.000000 0.192371 0.000000 -0.981322 0.000000 0.000000 0.000000
4178.736816 0.000000 2648.402344 0.000000 0.065503 0.000000 -0.997852 0.000000 0.000000 0.000000
4192.264648 0.000000 2620.149658 0.000000 0.360893 0.000000 -0.932607 0.000000 0.000000 0.000000
4174.189453 0.000000 2634.725098 0.000000 0.026705 0.000000 -0.999643 0.000000 0.000000 0.000000
4163.589355 0.000000 2610.663574 0.000000 0.947668 0.000000 0.319257 0.000000 0.000000 0.000000
4217.729980 0.000000 2639.070801 0.000000 0.729893 0.000000 -0.683562 0.000000 0.000000 0.000000
4162.164551 0.000000 2617.652832 0.000000 0.065873 0.000000 -0.997828 0.000000 0.000000 0.000000
4198.465332 0.000000 2623.378906 0.000000 0.950975 0.000000 0.309266 0.000000 0.000000 0.000000
4196.049805 0.000000 2634.570801 0.000000 0.992930 0.000000 -0.118702 0.000000 0.000000 0.000000
4174.716309 0.000000 2608.014893 0.000000 0.077578 0.000000 0.996986 0.000000 0.000000 0.000000
4205.060059 0.000000 2640.673096 0.000000 0.963711 0.000000 -0.266947 0.000000 0.000000 0.000000
4211.720703 0.000000 2636.153076 0.000000 0.304113 0.000000 0.952636 0.000000 0.000000 0.000000
4190.600098 0.000000 2647.984863 0.000000 0.830244 0.000000 -0.557400 0.000000 0.000000 0.000000
4210.317383 0.000000 2601.472412 0.000000 0.955339 0.000000 0.295511 0.000000 0.000000 0.000000
4191.822266 0.000000 2624.342285 0.000000 0.904377 0.000000 0.426734 0.000000 0.000000 0.000000
4213.757812 0.000000 2617.645996 0.000000 0.318172 0.000000 -0.948033 0.000000 0.000000 0.000000
4213.811523 0.000000 2639.580322 0.000000 0.694725 0.000000 -0.719275 0.000000 0.000000 0.000000
4208.763672 0.000000 2638.087646 0.000000 0.988315 0.000000 -0.152428 0.000000 0.000000 0.000000
4165.963867 0.000000 2618.980225 0.000000 0.991132 0.000000 -0.132879 0.000000 0.000000 0.000000
4195.373047 0.000000 2625.224609 0.000000 0.991540 0.000000 -0.129800 0.000000 0.000000 0.000000
4190.089844 0.000000 2627.216553 0.000000 0.738933 0.000000 -0.673779 0.000000 0.000000 0.000000
4171.269531 0.000000 2607.611328 0.000000 0.428869 0.000000 -0.903367 0.000000 0.000000 0.000000
4193.496582 0.000000 2622.511963 0.000000 0.949384 0.000000 -0.314118 0.000000 0.000000 0.000000
4192.249023 0.000000 2626.656982 0.000000 0.953776 0.000000 0.300519 0.000000 0.000000 0.000000
4193.556152 0.000000 2624.955566 0.000000 0.999671 0.000000 -0.025636 1.000000 1.000000 1.000000
4126.802246 0.000000 2654.826660 0.000000 0.991242 0.000000 0.132061 0.000000 0.000000 0.000000
4141.255371 0.000000 2709.641113 0.000000 0.996401 0.000000 -0.084767 0.000000 0.000000 0.000000
4141.233887 0.000000 2680.662842 0.000000 0.954115 0.000000 -0.299442 0.000000 0.000000 0.000000
4140.186523 0.000000 2702.473877 0.000000 0.685249 0.000000 0.728309 0.000000 0.000000 0.000000
4145.044434 0.000000 2703.449463 0.000000 0.760322 0.000000 0.649546 0.000000 0.000000 0.000000
4145.098145 0.000000 2669.141602 0.000000 0.999089 0.000000 0.042667 0.000000 0.000000 0.000000
4148.612793 0.000000 2670.477539 0.000000 0.934441 0.000000 -0.356117 0.000000 0.000000 0.000000
4142.583984 0.000000 2703.546143 0.000000 0.947427 0.000000 0.319972 0.000000 0.000000 0.000000
4147.156250 0.000000 2668.838623 0.000000 0.509423 0.000000 0.860516 1.000000 1.000000 1.000000
4146.463867 0.000000 2670.694092 0.000000 0.223348 0.000000 -0.974739 0.000000 0.000000 0.000000
4212.600586 0.000000 2677.979492 0.000000 0.963210 0.000000 -0.268751 0.000000 0.000000 0.000000
4185.268555 0.000000 2671.174805 0.000000 0.556148 0.000000 0.831083 0.000000 0.000000 0.000000
4198.270996 0.000000 2656.172607 0.000000 0.467856 0.000000 0.883805 0.000000 0.000000 0.000000
4179.298340 0.000000 2672.712891 0.000000 0.992854 0.000000 0.119338 0.000000 0.000000 0.000000
4223.291016 0.000000 2655.170654 0.000000 0.992593 0.000000 0.121488 0.000000 0.000000 0.000000
4178.853027 0.000000 2691.373047 0.000000 0.657363 0.000000 0.753574 0.000000 0.000000 0.000000
4222.127441 0.000000 2672.205566 0.000000 0.220504 0.000000 -0.975386 0.000000 0.000000 0.000000
4176.913574 0.000000 2687.335693 0.000000 0.896627 0.000000 -0.442787 0.000000 0.000000 0.000000
4191.822266 0.000000 2680.826660 0.000000 0.757354 0.000000 0.653005 0.000000 0.000000 0.000000
4213.757812 0.000000 2674.130371 0.000000 0.341131 0.000000 0.940016 0.000000 0.000000 0.000000
4195.373047 0.000000 2681.708984 0.000000 0.940936 0.000000 0.338586 0.000000 0.000000 0.000000
4190.089844 0.000000 2683.700928 0.000000 0.988443 0.000000 0.151590 0.000000 0.000000 0.000000
4179.150879 0.000000 2688.527100 0.000000 0.318622 0.000000 -0.947882 0.000000 0.000000 0.000000
4176.687988 0.000000 2689.950684 0.000000 0.322006 0.000000 -0.946738 0.000000 0.000000 0.000000
4223.940430 0.000000 2674.215088 0.000000 0.040918 0.000000 -0.999163 0.000000 0.000000 0.000000
4176.405273 0.000000 2692.320801 0.000000 0.987832 0.000000 0.155524 0.000000 0.000000 0.000000
4217.532715 0.000000 2669.740234 0.000000 0.999420 0.000000 -0.034067 0.000000 0.000000 0.000000
4174.486328 0.000000 2693.447510 0.000000 0.320910 0.000000 -0.947110 0.000000 0.000000 0.000000
4221.359375 0.000000 2675.839111 0.000000 0.722354 0.000000 -0.691523 0.000000 0.000000 0.000000
4221.495117 0.000000 2673.925781 0.000000 0.256525 0.000000 -0.966538 0.000000 0.000000 0.000000
4249.924805 0.000000 2708.006104 0.000000 0.730821 0.000000 -0.682569 0.000000 0.000000 0.000000
4158.018555 0.000000 2737.145020 0.000000 0.996554 0.000000 -0.082943 0.000000 0.000000 0.000000
4158.612305 0.000000 2762.890381 0.000000 0.700761 0.000000 -0.713396 0.000000 0.000000 0.000000
4158.808594 0.000000 2739.277588 0.000000 0.984831 0.000000 -0.173514 0.000000 0.000000 0.000000
4223.683594 0.000000 2724.290527 0.000000 0.914972 0.000000 0.403517 0.000000 0.000000 0.000000
4187.221680 0.000000 2757.278564 0.000000 0.692335 0.000000 0.721577 0.000000 0.000000 0.000000
4222.127441 0.000000 2728.689941 0.000000 0.220262 0.000000 -0.975441 0.000000 0.000000 0.000000
4163.605469 0.000000 2734.526611 0.000000 0.637577 0.000000 -0.770387 0.000000 0.000000 0.000000
4161.602051 0.000000 2741.623291 0.000000 0.970554 0.000000 0.240885 0.000000 0.000000 0.000000
4163.856934 0.000000 2761.322021 0.000000 0.865880 0.000000 -0.500252 0.000000 0.000000 0.000000
4160.226074 0.000000 2762.566895 0.000000 0.414863 0.000000 0.909884 0.000000 0.000000 0.000000
4162.873047 0.000000 2737.540283 0.000000 0.770339 0.000000 0.637634 0.000000 0.000000 0.000000
4160.010254 0.000000 2739.936279 0.000000 0.693011 0.000000 0.720927 0.000000 0.000000 0.000000
4162.422852 0.000000 2739.649658 0.000000 0.580309 0.000000 0.814397 0.000000 0.000000 0.000000
4141.901367 0.000000 2768.688721 0.000000 0.593697 0.000000 -0.804689 0.000000 0.000000 0.000000
4138.133789 0.000000 2771.871826 0.000000 0.991781 0.000000 -0.127948 0.000000 0.000000 0.000000
4163.834473 0.000000 2767.736816 0.000000 0.999524 0.000000 0.030838 0.000000 0.000000 0.000000
4265.206543 0.000000 2719.793701 0.000000 0.992801 0.000000 0.119773 0.000000 0.000000 0.000000
4252.683105 0.000000 2724.683838 0.000000 0.905066 0.000000 0.425271 0.000000 0.000000 0.000000
"}
