object={
	name="french_dynamic_mining_objects_generator_1_0"
	clamp_to_water_level=no
	render_under_water=no
	generated_content=yes
	layer="mines_dynamic"
	pdxmesh="french_mining_quarry_01_mesh"
	count=206
	transform="4094.018555 0.000000 2624.176270 0.000000 0.341533 0.000000 0.939870 0.000000 0.000000 0.000000
4025.729980 0.000000 2695.555176 0.000000 0.273250 0.000000 0.961943 0.000000 0.000000 0.000000
4021.811279 0.000000 2696.064697 0.000000 0.203066 0.000000 0.979165 0.000000 0.000000 0.000000
4032.290283 0.000000 2689.130859 0.000000 0.775481 0.000000 0.631371 0.000000 0.000000 0.000000
4042.048096 0.000000 2700.265869 0.000000 0.191134 0.000000 0.981564 0.000000 0.000000 0.000000
4053.428223 0.000000 2687.113281 0.000000 0.483743 0.000000 0.875210 0.000000 0.000000 0.000000
4039.693115 0.000000 2686.598145 0.000000 0.066514 0.000000 0.997786 0.000000 0.000000 0.000000
4035.716309 0.000000 2695.871826 0.000000 0.007345 0.000000 0.999973 1.000000 1.000000 1.000000
4036.956787 0.000000 2700.932617 0.000000 0.506785 0.000000 0.862072 0.000000 0.000000 0.000000
4082.569092 0.000000 2710.739502 0.000000 0.732440 0.000000 0.680831 1.000000 1.000000 1.000000
4050.408936 0.000000 2683.175049 0.000000 0.543294 0.000000 0.839542 0.000000 0.000000 0.000000
4090.308594 0.000000 2699.365234 0.000000 0.711359 0.000000 0.702829 0.000000 0.000000 0.000000
4039.290527 0.000000 2697.610840 0.000000 0.819758 0.000000 0.572711 1.000000 1.000000 1.000000
4087.010986 0.000000 2709.718506 0.000000 0.230817 0.000000 0.972997 1.000000 1.000000 1.000000
4049.216553 0.000000 2694.646973 0.000000 0.793568 0.000000 0.608482 0.000000 0.000000 0.000000
4068.176514 0.000000 2698.785156 0.000000 0.447431 0.000000 0.894318 0.000000 0.000000 0.000000
4091.742432 0.000000 2692.442627 0.000000 0.830057 0.000000 0.557679 0.000000 0.000000 0.000000
4050.867188 0.000000 2697.729492 0.000000 0.302091 0.000000 0.953279 0.000000 0.000000 0.000000
4090.107422 0.000000 2709.966064 0.000000 0.809911 0.000000 0.586552 0.000000 0.000000 0.000000
4034.892334 0.000000 2692.966797 0.000000 0.860219 0.000000 0.509924 0.000000 0.000000 0.000000
4087.879395 0.000000 2697.960449 0.000000 0.774874 0.000000 0.632116 1.000000 1.000000 1.000000
4085.008789 0.000000 2698.987549 0.000000 0.699739 0.000000 0.714399 0.000000 0.000000 0.000000
4039.626709 0.000000 2701.115967 0.000000 0.556740 0.000000 0.830687 0.000000 0.000000 0.000000
4064.264404 0.000000 2733.118408 0.000000 0.496656 0.000000 0.867948 0.000000 0.000000 0.000000
4086.803467 0.000000 2713.316162 0.000000 0.461948 0.000000 0.886907 0.000000 0.000000 0.000000
4065.639404 0.000000 2741.287598 0.000000 0.720183 0.000000 0.693785 0.000000 0.000000 0.000000
4086.117188 0.000000 2718.271484 0.000000 0.228509 0.000000 0.973542 0.000000 0.000000 0.000000
4073.896973 0.000000 2711.278320 0.000000 0.622653 0.000000 0.782498 0.000000 0.000000 0.000000
4080.446289 0.000000 2722.080811 0.000000 0.391427 0.000000 0.920209 0.000000 0.000000 0.000000
4062.089844 0.000000 2740.185303 0.000000 0.204641 0.000000 0.978837 0.000000 0.000000 0.000000
4083.006592 0.000000 2719.695068 0.000000 0.414350 0.000000 0.910118 0.000000 0.000000 0.000000
4077.456787 0.000000 2715.463623 0.000000 0.389519 0.000000 0.921018 0.000000 0.000000 0.000000
4084.968994 0.000000 2715.607910 0.000000 0.387814 0.000000 0.921738 0.000000 0.000000 0.000000
4065.496826 0.000000 2735.480713 0.000000 0.106325 0.000000 0.994331 0.000000 0.000000 0.000000
4088.373535 0.000000 2711.388428 0.000000 0.480171 0.000000 0.877175 1.000000 1.000000 1.000000
4145.044434 0.000000 2590.480713 0.000000 0.669607 0.000000 0.742716 0.000000 0.000000 0.000000
4146.569336 0.000000 2597.770752 0.000000 0.166248 0.000000 0.986084 1.000000 1.000000 1.000000
4154.875000 0.000000 2541.951416 0.000000 0.327448 0.000000 0.944869 0.000000 0.000000 0.000000
4153.786621 0.000000 2546.321777 0.000000 0.479509 0.000000 0.877537 0.000000 0.000000 0.000000
4151.010742 0.000000 2596.749756 0.000000 0.552207 0.000000 0.833707 0.000000 0.000000 0.000000
4144.446289 0.000000 2552.627686 0.000000 0.669675 0.000000 0.742654 0.000000 0.000000 0.000000
4150.469238 0.000000 2551.950928 0.000000 0.850860 0.000000 0.525393 1.000000 1.000000 1.000000
4143.961914 0.000000 2597.056885 0.000000 0.504574 0.000000 0.863369 0.000000 0.000000 0.000000
4146.714844 0.000000 2592.269775 0.000000 0.853033 0.000000 0.521857 0.000000 0.000000 0.000000
4161.476562 0.000000 2548.255615 0.000000 0.798364 0.000000 0.602175 0.000000 0.000000 0.000000
4186.548828 0.000000 2583.109863 0.000000 0.662748 0.000000 0.748843 0.000000 0.000000 0.000000
4183.427734 0.000000 2590.792236 0.000000 0.501020 0.000000 0.865435 0.000000 0.000000 0.000000
4222.112305 0.000000 2585.715576 0.000000 0.109873 0.000000 0.993946 0.000000 0.000000 0.000000
4173.646484 0.000000 2582.543213 0.000000 0.144991 0.000000 0.989433 0.000000 0.000000 0.000000
4177.114746 0.000000 2596.356689 0.000000 0.604075 0.000000 0.796928 0.000000 0.000000 0.000000
4189.536621 0.000000 2581.810059 0.000000 0.848824 0.000000 0.528676 0.000000 0.000000 0.000000
4178.867188 0.000000 2584.760742 0.000000 0.102559 0.000000 0.994727 0.000000 0.000000 0.000000
4189.075684 0.000000 2594.197021 0.000000 0.094686 0.000000 0.995507 0.000000 0.000000 0.000000
4190.662598 0.000000 2587.987305 0.000000 0.091967 0.000000 0.995762 0.000000 0.000000 0.000000
4166.113770 0.000000 2580.755371 0.000000 0.787038 0.000000 0.616905 0.000000 0.000000 0.000000
4179.100098 0.000000 2594.543701 0.000000 0.759424 0.000000 0.650596 0.000000 0.000000 0.000000
4252.282227 0.000000 2578.692871 0.000000 0.515753 0.000000 0.856737 0.000000 0.000000 0.000000
4230.599121 0.000000 2594.897705 0.000000 0.630116 0.000000 0.776501 0.000000 0.000000 0.000000
4231.693359 0.000000 2573.629395 0.000000 0.811614 0.000000 0.584194 0.000000 0.000000 0.000000
4238.124512 0.000000 2570.805664 0.000000 0.600491 0.000000 0.799631 0.000000 0.000000 0.000000
4237.066406 0.000000 2595.013184 0.000000 0.616071 0.000000 0.787691 0.000000 0.000000 0.000000
4229.002930 0.000000 2577.924805 0.000000 0.421905 0.000000 0.906640 1.000000 1.000000 1.000000
4228.861816 0.000000 2569.751465 0.000000 0.489727 0.000000 0.871876 0.000000 0.000000 0.000000
4242.853027 0.000000 2578.404297 0.000000 0.463279 0.000000 0.886213 0.000000 0.000000 0.000000
4247.538086 0.000000 2578.083740 0.000000 0.865748 0.000000 0.500481 0.000000 0.000000 0.000000
4255.949707 0.000000 2576.052979 0.000000 0.323213 0.000000 0.946326 0.000000 0.000000 0.000000
4246.690430 0.000000 2569.813721 0.000000 0.858613 0.000000 0.512625 0.000000 0.000000 0.000000
4227.856934 0.000000 2591.868896 0.000000 0.837930 0.000000 0.545777 0.000000 0.000000 0.000000
4236.652344 0.000000 2567.223633 0.000000 0.796270 0.000000 0.604941 0.000000 0.000000 0.000000
4233.808105 0.000000 2577.502441 0.000000 0.467486 0.000000 0.884000 0.000000 0.000000 0.000000
4248.763672 0.000000 2572.528076 0.000000 0.260415 0.000000 0.965497 0.000000 0.000000 0.000000
4250.132812 0.000000 2576.248779 0.000000 0.822633 0.000000 0.568572 0.000000 0.000000 0.000000
4233.349609 0.000000 2594.352051 0.000000 0.647879 0.000000 0.761743 1.000000 1.000000 1.000000
4253.260254 0.000000 2576.066162 0.000000 0.251720 0.000000 0.967800 0.000000 0.000000 0.000000
4116.950195 0.000000 2607.450439 0.000000 0.155431 0.000000 0.987847 1.000000 1.000000 1.000000
4128.264648 0.000000 2620.149658 0.000000 0.062608 0.000000 0.998038 0.000000 0.000000 0.000000
4147.915527 0.000000 2610.322510 0.000000 0.736330 0.000000 0.676622 0.000000 0.000000 0.000000
4127.430176 0.000000 2609.053223 0.000000 0.844284 0.000000 0.535896 0.000000 0.000000 0.000000
4121.268555 0.000000 2614.690430 0.000000 0.768956 0.000000 0.639302 0.000000 0.000000 0.000000
4103.693359 0.000000 2630.113770 0.000000 0.142493 0.000000 0.989796 0.000000 0.000000 0.000000
4141.233887 0.000000 2624.178467 0.000000 0.007838 0.000000 0.999969 0.000000 0.000000 0.000000
4096.315430 0.000000 2624.706787 0.000000 0.373916 0.000000 0.927462 0.000000 0.000000 0.000000
4133.084961 0.000000 2613.078857 0.000000 0.530528 0.000000 0.847667 0.000000 0.000000 0.000000
4134.465332 0.000000 2623.378906 0.000000 0.432536 0.000000 0.901617 0.000000 0.000000 0.000000
4115.298340 0.000000 2616.228516 0.000000 0.185285 0.000000 0.982685 0.000000 0.000000 0.000000
4110.716309 0.000000 2608.014893 0.000000 0.656286 0.000000 0.754512 0.000000 0.000000 0.000000
4130.074219 0.000000 2603.801025 0.000000 0.046111 0.000000 0.998936 1.000000 1.000000 1.000000
4122.661621 0.000000 2619.718994 0.000000 0.791493 0.000000 0.611178 0.000000 0.000000 0.000000
4113.626465 0.000000 2603.490723 0.000000 0.864664 0.000000 0.502351 0.000000 0.000000 0.000000
4113.893555 0.000000 2611.595947 0.000000 0.563127 0.000000 0.826370 0.000000 0.000000 0.000000
4142.917969 0.000000 2619.595947 0.000000 0.591457 0.000000 0.806337 0.000000 0.000000 0.000000
4137.396484 0.000000 2612.040039 0.000000 0.410098 0.000000 0.912042 0.000000 0.000000 0.000000
4118.690430 0.000000 2626.298096 0.000000 0.292812 0.000000 0.956170 0.000000 0.000000 0.000000
4112.913574 0.000000 2630.851318 0.000000 0.116555 0.000000 0.993184 0.000000 0.000000 0.000000
4114.409180 0.000000 2626.690674 0.000000 0.394861 0.000000 0.918741 1.000000 1.000000 1.000000
4127.822266 0.000000 2624.342285 0.000000 0.467977 0.000000 0.883740 0.000000 0.000000 0.000000
4118.003418 0.000000 2611.983643 0.000000 0.301200 0.000000 0.953561 1.000000 1.000000 1.000000
4097.602051 0.000000 2628.654541 0.000000 0.657228 0.000000 0.753692 0.000000 0.000000 0.000000
4126.227539 0.000000 2602.838623 0.000000 0.408658 0.000000 0.912688 1.000000 1.000000 1.000000
4155.875488 0.000000 2612.487549 0.000000 0.685908 0.000000 0.727689 0.000000 0.000000 0.000000
4144.887695 0.000000 2623.156738 0.000000 0.010208 0.000000 0.999948 0.000000 0.000000 0.000000
4157.449707 0.000000 2607.767334 0.000000 0.127524 0.000000 0.991835 0.000000 0.000000 0.000000
4130.139648 0.000000 2600.007568 0.000000 0.088244 0.000000 0.996099 1.000000 1.000000 1.000000
4113.216309 0.000000 2638.162598 0.000000 0.676016 0.000000 0.736887 0.000000 0.000000 0.000000
4144.446289 0.000000 2609.112061 0.000000 0.191687 0.000000 0.981456 0.000000 0.000000 0.000000
4112.310547 0.000000 2623.075928 0.000000 0.002641 0.000000 0.999996 0.000000 0.000000 0.000000
4101.963867 0.000000 2618.980225 0.000000 0.498230 0.000000 0.867045 1.000000 1.000000 1.000000
4124.263672 0.000000 2607.577393 0.000000 0.680840 0.000000 0.732432 1.000000 1.000000 1.000000
4125.234863 0.000000 2621.989990 0.000000 0.164290 0.000000 0.986412 0.000000 0.000000 0.000000
4126.089844 0.000000 2627.216553 0.000000 0.513384 0.000000 0.858159 0.000000 0.000000 0.000000
4120.763672 0.000000 2629.012451 0.000000 0.565399 0.000000 0.824817 0.000000 0.000000 0.000000
4125.587891 0.000000 2617.948975 0.000000 0.756717 0.000000 0.653742 0.000000 0.000000 0.000000
4120.357910 0.000000 2606.792236 0.000000 0.076668 0.000000 0.997057 1.000000 1.000000 1.000000
4106.749023 0.000000 2640.474121 0.000000 0.854759 0.000000 0.519025 0.000000 0.000000 0.000000
4150.469238 0.000000 2608.435303 0.000000 0.409360 0.000000 0.912373 0.000000 0.000000 0.000000
4102.113770 0.000000 2637.239746 0.000000 0.599403 0.000000 0.800448 1.000000 1.000000 1.000000
4129.860352 0.000000 2607.022461 0.000000 0.062312 0.000000 0.998057 1.000000 1.000000 1.000000
4107.713867 0.000000 2636.284424 0.000000 0.660595 0.000000 0.750742 1.000000 1.000000 1.000000
4120.982910 0.000000 2602.155029 0.000000 0.485354 0.000000 0.874318 1.000000 1.000000 1.000000
4123.116211 0.000000 2616.756592 0.000000 0.203949 0.000000 0.978981 0.000000 0.000000 0.000000
4122.616211 0.000000 2622.363770 0.000000 0.394122 0.000000 0.919058 0.000000 0.000000 0.000000
4140.193359 0.000000 2619.225830 0.000000 0.589969 0.000000 0.807426 0.000000 0.000000 0.000000
4110.569336 0.000000 2632.050049 0.000000 0.041417 0.000000 0.999142 1.000000 1.000000 1.000000
4101.178223 0.000000 2623.651367 0.000000 0.584947 0.000000 0.811072 1.000000 1.000000 1.000000
4134.658203 0.000000 2606.502197 0.000000 0.031980 0.000000 0.999489 0.000000 0.000000 0.000000
4098.873047 0.000000 2624.571533 0.000000 0.363848 0.000000 0.931458 0.000000 0.000000 0.000000
4112.434082 0.000000 2628.342529 0.000000 0.470978 0.000000 0.882145 0.000000 0.000000 0.000000
4122.002441 0.000000 2612.316650 0.000000 0.692506 0.000000 0.721412 0.000000 0.000000 0.000000
4127.881836 0.000000 2600.930664 0.000000 0.281624 0.000000 0.959525 1.000000 1.000000 1.000000
4214.803711 0.000000 2600.347412 0.000000 0.482316 0.000000 0.875997 0.000000 0.000000 0.000000
4190.802246 0.000000 2598.342285 0.000000 0.252988 0.000000 0.967469 0.000000 0.000000 0.000000
4223.291016 0.000000 2598.686279 0.000000 0.465392 0.000000 0.885105 0.000000 0.000000 0.000000
4199.675293 0.000000 2653.055176 0.000000 0.585396 0.000000 0.810747 0.000000 0.000000 0.000000
4214.117188 0.000000 2605.302734 0.000000 0.526908 0.000000 0.849923 0.000000 0.000000 0.000000
4165.568848 0.000000 2602.299072 0.000000 0.764368 0.000000 0.644781 0.000000 0.000000 0.000000
4193.638184 0.000000 2645.049805 0.000000 0.693476 0.000000 0.720480 0.000000 0.000000 0.000000
4202.064453 0.000000 2649.604980 0.000000 0.164176 0.000000 0.986431 0.000000 0.000000 0.000000
4186.844238 0.000000 2599.998779 0.000000 0.726624 0.000000 0.687035 0.000000 0.000000 0.000000
4217.786621 0.000000 2602.806152 0.000000 0.843327 0.000000 0.537401 0.000000 0.000000 0.000000
4221.449707 0.000000 2607.767334 0.000000 0.165960 0.000000 0.986132 0.000000 0.000000 0.000000
4186.771973 0.000000 2648.191650 0.000000 0.398592 0.000000 0.917129 0.000000 0.000000 0.000000
4219.669434 0.000000 2617.986084 0.000000 0.789809 0.000000 0.613353 1.000000 1.000000 1.000000
4218.815430 0.000000 2605.850342 0.000000 0.253407 0.000000 0.967360 0.000000 0.000000 0.000000
4218.107422 0.000000 2653.481689 0.000000 0.703709 0.000000 0.710488 0.000000 0.000000 0.000000
4202.622559 0.000000 2652.306396 0.000000 0.689593 0.000000 0.724197 1.000000 1.000000 1.000000
4221.258301 0.000000 2610.295654 0.000000 0.197409 0.000000 0.980321 0.000000 0.000000 0.000000
4216.357422 0.000000 2606.628174 0.000000 0.131581 0.000000 0.991305 0.000000 0.000000 0.000000
4193.210938 0.000000 2647.724121 0.000000 0.751004 0.000000 0.660297 1.000000 1.000000 1.000000
4119.427734 0.000000 2703.760986 0.000000 0.359224 0.000000 0.933251 0.000000 0.000000 0.000000
4116.194824 0.000000 2700.678467 0.000000 0.667416 0.000000 0.744685 0.000000 0.000000 0.000000
4129.638184 0.000000 2701.534180 0.000000 0.405879 0.000000 0.913927 0.000000 0.000000 0.000000
4132.101074 0.000000 2702.626953 0.000000 0.398953 0.000000 0.916971 0.000000 0.000000 0.000000
4223.683594 0.000000 2667.806152 0.000000 0.162841 0.000000 0.986652 0.000000 0.000000 0.000000
4182.797363 0.000000 2655.740234 0.000000 0.103771 0.000000 0.994601 0.000000 0.000000 0.000000
4186.844238 0.000000 2656.483154 0.000000 0.611228 0.000000 0.791454 1.000000 1.000000 1.000000
4198.192871 0.000000 2660.472412 0.000000 0.802536 0.000000 0.596603 0.000000 0.000000 0.000000
4182.302246 0.000000 2659.819580 0.000000 0.768925 0.000000 0.639340 1.000000 1.000000 1.000000
4190.227539 0.000000 2659.322998 0.000000 0.042699 0.000000 0.999088 0.000000 0.000000 0.000000
4217.786621 0.000000 2659.290527 0.000000 0.536850 0.000000 0.843678 0.000000 0.000000 0.000000
4201.896973 0.000000 2654.793945 0.000000 0.495712 0.000000 0.868487 0.000000 0.000000 0.000000
4184.357910 0.000000 2663.276611 0.000000 0.714795 0.000000 0.699334 0.000000 0.000000 0.000000
4203.550781 0.000000 2661.565430 0.000000 0.515408 0.000000 0.856945 0.000000 0.000000 0.000000
4179.958008 0.000000 2661.478271 0.000000 0.519849 0.000000 0.854258 0.000000 0.000000 0.000000
4196.193359 0.000000 2662.224609 0.000000 0.073204 0.000000 0.997317 0.000000 0.000000 0.000000
4216.373535 0.000000 2654.904053 0.000000 0.837903 0.000000 0.545819 0.000000 0.000000 0.000000
4227.834473 0.000000 2598.283691 0.000000 0.675706 0.000000 0.737171 0.000000 0.000000 0.000000
4229.348633 0.000000 2606.723145 0.000000 0.471159 0.000000 0.882048 0.000000 0.000000 0.000000
4224.522461 0.000000 2613.983398 0.000000 0.821524 0.000000 0.570174 0.000000 0.000000 0.000000
4232.260254 0.000000 2607.286865 0.000000 0.144910 0.000000 0.989445 0.000000 0.000000 0.000000
4230.202148 0.000000 2609.793945 0.000000 0.740630 0.000000 0.671914 0.000000 0.000000 0.000000
4224.110840 0.000000 2665.130127 0.000000 0.732516 0.000000 0.680750 0.000000 0.000000 0.000000
4271.152344 0.000000 2700.236328 0.000000 0.431520 0.000000 0.902104 0.000000 0.000000 0.000000
4110.716309 0.000000 2720.983643 0.000000 0.404843 0.000000 0.914386 0.000000 0.000000 0.000000
4137.896973 0.000000 2711.278320 0.000000 0.815117 0.000000 0.579297 0.000000 0.000000 0.000000
4120.357910 0.000000 2719.760986 0.000000 0.285486 0.000000 0.958383 0.000000 0.000000 0.000000
4129.860352 0.000000 2719.991211 0.000000 0.497215 0.000000 0.867627 0.000000 0.000000 0.000000
4120.982910 0.000000 2715.123779 0.000000 0.566342 0.000000 0.824170 0.000000 0.000000 0.000000
4115.922852 0.000000 2715.049316 0.000000 0.657079 0.000000 0.753822 0.000000 0.000000 0.000000
4188.282227 0.000000 2748.145996 0.000000 0.450166 0.000000 0.892945 0.000000 0.000000 0.000000
4178.736816 0.000000 2761.371094 0.000000 0.484222 0.000000 0.874945 1.000000 1.000000 1.000000
4174.124512 0.000000 2740.258789 0.000000 0.052329 0.000000 0.998630 0.000000 0.000000 0.000000
4192.909180 0.000000 2753.493408 0.000000 0.720587 0.000000 0.693365 1.000000 1.000000 1.000000
4178.853027 0.000000 2747.857422 0.000000 0.803608 0.000000 0.595159 0.000000 0.000000 0.000000
4183.538086 0.000000 2747.536865 0.000000 0.658262 0.000000 0.752789 0.000000 0.000000 0.000000
4176.913574 0.000000 2743.820068 0.000000 0.003963 0.000000 0.999992 0.000000 0.000000 0.000000
4169.597656 0.000000 2761.125488 0.000000 0.863788 0.000000 0.503856 0.000000 0.000000 0.000000
4221.935547 0.000000 2741.280029 0.000000 0.640266 0.000000 0.768153 0.000000 0.000000 0.000000
4192.344727 0.000000 2749.567627 0.000000 0.556955 0.000000 0.830542 1.000000 1.000000 1.000000
4204.877441 0.000000 2745.036865 0.000000 0.206704 0.000000 0.978404 0.000000 0.000000 0.000000
4201.927734 0.000000 2755.983154 0.000000 0.125420 0.000000 0.992104 0.000000 0.000000 0.000000
4196.675781 0.000000 2744.092041 0.000000 0.584411 0.000000 0.811458 0.000000 0.000000 0.000000
4195.373047 0.000000 2738.193359 0.000000 0.299495 0.000000 0.954098 0.000000 0.000000 0.000000
4199.131348 0.000000 2746.229248 0.000000 0.392823 0.000000 0.919614 0.000000 0.000000 0.000000
4204.084473 0.000000 2741.993896 0.000000 0.786994 0.000000 0.616961 1.000000 1.000000 1.000000
4215.033203 0.000000 2749.697998 0.000000 0.370968 0.000000 0.928646 0.000000 0.000000 0.000000
4183.871582 0.000000 2750.730957 0.000000 0.173027 0.000000 0.984917 0.000000 0.000000 0.000000
4189.075684 0.000000 2763.650146 0.000000 0.627895 0.000000 0.778298 0.000000 0.000000 0.000000
4181.436035 0.000000 2762.547852 0.000000 0.116881 0.000000 0.993146 1.000000 1.000000 1.000000
4189.260254 0.000000 2745.519287 0.000000 0.213429 0.000000 0.976959 0.000000 0.000000 0.000000
4198.885742 0.000000 2755.411621 0.000000 0.763600 0.000000 0.645690 0.000000 0.000000 0.000000
4181.175293 0.000000 2746.468018 0.000000 0.771664 0.000000 0.636030 0.000000 0.000000 0.000000
4183.654785 0.000000 2744.905518 0.000000 0.125897 0.000000 0.992043 0.000000 0.000000 0.000000
4194.441895 0.000000 2745.213379 0.000000 0.425959 0.000000 0.904743 1.000000 1.000000 1.000000
4190.667969 0.000000 2747.631348 0.000000 0.350457 0.000000 0.936579 1.000000 1.000000 1.000000
4270.165527 0.000000 2728.792236 0.000000 0.743307 0.000000 0.668950 0.000000 0.000000 0.000000
4276.612793 0.000000 2726.961914 0.000000 0.677737 0.000000 0.735304 0.000000 0.000000 0.000000
"}
object={
	name="french_dynamic_mining_objects_generator_1_1"
	clamp_to_water_level=no
	render_under_water=no
	generated_content=yes
	layer="mines_dynamic"
	pdxmesh="french_mining_quarry_02_mesh"
	count=220
	transform="4019.720459 0.000000 2692.637451 0.000000 0.942885 0.000000 -0.333118 0.000000 0.000000 0.000000
4030.112061 0.000000 2698.684326 0.000000 0.991532 0.000000 0.129864 0.000000 0.000000 0.000000
4016.763672 0.000000 2694.572021 0.000000 0.905677 0.000000 0.423968 0.000000 0.000000 0.000000
4023.033203 0.000000 2693.213623 0.000000 0.907212 0.000000 0.420674 0.000000 0.000000 0.000000
4046.189453 0.000000 2691.209473 0.000000 0.992470 0.000000 -0.122488 0.000000 0.000000 0.000000
4092.270508 0.000000 2703.099365 0.000000 0.996052 0.000000 -0.088774 0.000000 0.000000 0.000000
4089.729980 0.000000 2695.555176 0.000000 0.986745 0.000000 -0.162277 0.000000 0.000000 0.000000
4041.163818 0.000000 2694.066406 0.000000 0.995460 0.000000 0.095177 1.000000 1.000000 1.000000
4086.872314 0.000000 2701.100098 0.000000 0.993721 0.000000 0.111885 0.000000 0.000000 0.000000
4083.720459 0.000000 2692.637451 0.000000 0.892170 0.000000 0.451699 0.000000 0.000000 0.000000
4081.044678 0.000000 2703.449463 0.000000 0.888279 0.000000 0.459304 0.000000 0.000000 0.000000
4070.720947 0.000000 2701.500244 0.000000 0.998112 0.000000 0.061412 0.000000 0.000000 0.000000
4048.913574 0.000000 2687.335693 0.000000 0.975630 0.000000 -0.219424 0.000000 0.000000 0.000000
4043.937012 0.000000 2687.534912 0.000000 0.973434 0.000000 0.228969 0.000000 0.000000 0.000000
4032.073242 0.000000 2693.327148 0.000000 0.878027 0.000000 0.478611 0.000000 0.000000 0.000000
4044.652588 0.000000 2680.192383 0.000000 0.997651 0.000000 -0.068501 0.000000 0.000000 0.000000
4078.444580 0.000000 2706.127930 0.000000 0.953600 0.000000 -0.301076 0.000000 0.000000 0.000000
4081.605713 0.000000 2707.619385 0.000000 0.975242 0.000000 0.221140 0.000000 0.000000 0.000000
4042.748779 0.000000 2696.958496 0.000000 0.944900 0.000000 -0.327358 1.000000 1.000000 1.000000
4070.643555 0.000000 2706.467773 0.000000 0.997492 0.000000 -0.070778 0.000000 0.000000 0.000000
4045.152832 0.000000 2699.996582 0.000000 0.903304 0.000000 -0.429000 0.000000 0.000000 0.000000
4043.714111 0.000000 2692.768799 0.000000 0.994890 0.000000 -0.100964 1.000000 1.000000 1.000000
4039.290527 0.000000 2689.437988 0.000000 0.929477 0.000000 -0.368881 0.000000 0.000000 0.000000
4048.434082 0.000000 2684.826904 0.000000 0.892657 0.000000 -0.450737 0.000000 0.000000 0.000000
4039.852051 0.000000 2691.943115 0.000000 0.999263 0.000000 -0.038380 1.000000 1.000000 1.000000
4074.581543 0.000000 2730.054932 0.000000 0.927166 0.000000 0.374652 0.000000 0.000000 0.000000
4062.773926 0.000000 2727.721680 0.000000 0.999994 0.000000 0.003552 0.000000 0.000000 0.000000
4078.917725 0.000000 2732.564697 0.000000 0.967146 0.000000 -0.254223 0.000000 0.000000 0.000000
4074.134033 0.000000 2715.387451 0.000000 0.954841 0.000000 0.297116 0.000000 0.000000 0.000000
4074.157715 0.000000 2734.086182 0.000000 0.928915 0.000000 0.370294 0.000000 0.000000 0.000000
4089.786621 0.000000 2715.774902 0.000000 0.964512 0.000000 0.264038 1.000000 1.000000 1.000000
4066.040283 0.000000 2729.554932 0.000000 0.971022 0.000000 0.238990 0.000000 0.000000 0.000000
4065.456543 0.000000 2725.174805 0.000000 0.929965 0.000000 0.367648 0.000000 0.000000 0.000000
4067.373291 0.000000 2738.193359 0.000000 0.926370 0.000000 0.376614 0.000000 0.000000 0.000000
4084.340576 0.000000 2711.586182 0.000000 0.884710 0.000000 0.466141 0.000000 0.000000 0.000000
4081.495361 0.000000 2711.350098 0.000000 0.917603 0.000000 0.397498 1.000000 1.000000 1.000000
4070.386963 0.000000 2733.598145 0.000000 0.957669 0.000000 0.287873 0.000000 0.000000 0.000000
4157.041992 0.000000 2540.970703 0.000000 0.964870 0.000000 0.262727 0.000000 0.000000 0.000000
4147.915527 0.000000 2553.838135 0.000000 0.980752 0.000000 0.195257 0.000000 0.000000 0.000000
4148.885254 0.000000 2593.548096 0.000000 0.999751 0.000000 -0.022307 0.000000 0.000000 0.000000
4157.524414 0.000000 2547.310303 0.000000 0.985863 0.000000 0.167556 0.000000 0.000000 0.000000
4127.273438 0.000000 2596.673340 0.000000 0.931544 0.000000 -0.363630 0.000000 0.000000 0.000000
4151.430664 0.000000 2555.673828 0.000000 0.914375 0.000000 -0.404869 0.000000 0.000000 0.000000
4157.449707 0.000000 2551.282959 0.000000 0.994948 0.000000 0.100390 0.000000 0.000000 0.000000
4147.006836 0.000000 2550.241943 0.000000 0.903221 0.000000 -0.429176 0.000000 0.000000 0.000000
4145.605957 0.000000 2594.650635 0.000000 0.892400 0.000000 -0.451245 1.000000 1.000000 1.000000
4163.834473 0.000000 2541.799316 0.000000 0.928569 0.000000 -0.371161 0.000000 0.000000 0.000000
4181.035156 0.000000 2582.513916 0.000000 0.995815 0.000000 -0.091395 1.000000 1.000000 1.000000
4169.163574 0.000000 2581.097656 0.000000 0.869241 0.000000 -0.494388 0.000000 0.000000 0.000000
4223.097656 0.000000 2581.186035 0.000000 0.978188 0.000000 0.207722 0.000000 0.000000 0.000000
4190.600098 0.000000 2591.500488 0.000000 0.970449 0.000000 -0.241305 0.000000 0.000000 0.000000
4181.636230 0.000000 2596.299072 0.000000 0.992071 0.000000 -0.125676 1.000000 1.000000 1.000000
4180.194824 0.000000 2587.709717 0.000000 0.999921 0.000000 -0.012539 0.000000 0.000000 0.000000
4160.173340 0.000000 2543.621582 0.000000 0.992361 0.000000 -0.123366 0.000000 0.000000 0.000000
4183.759277 0.000000 2585.922607 0.000000 0.996847 0.000000 -0.079347 0.000000 0.000000 0.000000
4186.771973 0.000000 2591.707275 0.000000 0.906703 0.000000 0.421771 0.000000 0.000000 0.000000
4183.871582 0.000000 2581.277832 0.000000 0.916586 0.000000 -0.399839 0.000000 0.000000 0.000000
4188.116211 0.000000 2597.212402 0.000000 0.971970 0.000000 -0.235106 0.000000 0.000000 0.000000
4185.164062 0.000000 2597.656250 0.000000 0.971797 0.000000 0.235819 0.000000 0.000000 0.000000
4181.389160 0.000000 2585.022705 0.000000 0.995964 0.000000 0.089749 0.000000 0.000000 0.000000
4188.691406 0.000000 2589.889160 0.000000 0.992313 0.000000 0.123755 1.000000 1.000000 1.000000
4224.354004 0.000000 2589.764648 0.000000 0.954509 0.000000 -0.298181 0.000000 0.000000 0.000000
4245.428223 0.000000 2574.144531 0.000000 0.995765 0.000000 0.091935 1.000000 1.000000 1.000000
4225.469238 0.000000 2596.344971 0.000000 0.982782 0.000000 -0.184771 0.000000 0.000000 0.000000
4250.548828 0.000000 2583.109863 0.000000 0.907263 0.000000 -0.420564 0.000000 0.000000 0.000000
4240.913574 0.000000 2574.366943 0.000000 0.999759 0.000000 -0.021937 0.000000 0.000000 0.000000
4233.424316 0.000000 2569.670654 0.000000 0.953718 0.000000 0.300704 0.000000 0.000000 0.000000
4233.597656 0.000000 2591.672363 0.000000 0.992869 0.000000 -0.119214 0.000000 0.000000 0.000000
4224.390625 0.000000 2585.346924 0.000000 0.958929 0.000000 -0.283647 0.000000 0.000000 0.000000
4256.344727 0.000000 2580.114502 0.000000 0.935390 0.000000 -0.353618 0.000000 0.000000 0.000000
4253.565918 0.000000 2585.095703 0.000000 0.911742 0.000000 -0.410764 0.000000 0.000000 0.000000
4234.749023 0.000000 2583.989746 0.000000 0.999741 0.000000 0.022740 0.000000 0.000000 0.000000
4230.827637 0.000000 2597.795654 0.000000 0.975381 0.000000 0.220527 0.000000 0.000000 0.000000
4235.443359 0.000000 2571.783936 0.000000 0.983867 0.000000 -0.178902 0.000000 0.000000 0.000000
4231.290527 0.000000 2576.469238 0.000000 0.871622 0.000000 -0.490179 1.000000 1.000000 1.000000
4245.228027 0.000000 2579.701904 0.000000 0.965442 0.000000 0.260617 0.000000 0.000000 0.000000
4245.175293 0.000000 2577.014893 0.000000 0.912094 0.000000 -0.409982 1.000000 1.000000 1.000000
4231.173340 0.000000 2571.003662 0.000000 0.994169 0.000000 -0.107832 0.000000 0.000000 0.000000
4226.786133 0.000000 2576.697510 0.000000 0.955015 0.000000 0.296556 0.000000 0.000000 0.000000
4231.626953 0.000000 2588.147217 0.000000 0.995419 0.000000 -0.095613 0.000000 0.000000 0.000000
4243.150879 0.000000 2575.558350 0.000000 0.971468 0.000000 0.237170 0.000000 0.000000 0.000000
4103.674805 0.000000 2622.227295 0.000000 0.882131 0.000000 0.471004 0.000000 0.000000 0.000000
4159.683594 0.000000 2611.321777 0.000000 0.998862 0.000000 -0.047692 0.000000 0.000000 0.000000
4138.581543 0.000000 2617.086182 0.000000 0.943027 0.000000 0.332715 1.000000 1.000000 1.000000
4106.048340 0.000000 2643.781494 0.000000 0.974671 0.000000 -0.223643 0.000000 0.000000 0.000000
4109.467773 0.000000 2613.836426 0.000000 0.971198 0.000000 0.238274 0.000000 0.000000 0.000000
4141.901367 0.000000 2599.235596 0.000000 0.892972 0.000000 0.450113 0.000000 0.000000 0.000000
4099.716309 0.000000 2639.387451 0.000000 0.941775 0.000000 -0.336245 0.000000 0.000000 0.000000
4122.840820 0.000000 2624.985596 0.000000 0.983213 0.000000 -0.182463 0.000000 0.000000 0.000000
4110.146973 0.000000 2620.134766 0.000000 0.969017 0.000000 -0.246996 1.000000 1.000000 1.000000
4153.915527 0.000000 2608.996094 0.000000 0.982977 0.000000 -0.183730 0.000000 0.000000 0.000000
4141.791016 0.000000 2611.619385 0.000000 0.997402 0.000000 -0.072043 0.000000 0.000000 0.000000
4145.916504 0.000000 2616.071289 0.000000 0.934598 0.000000 -0.355707 0.000000 0.000000 0.000000
4103.650879 0.000000 2615.768555 0.000000 0.996215 0.000000 0.086928 0.000000 0.000000 0.000000
4105.163574 0.000000 2637.582031 0.000000 0.980226 0.000000 0.197883 1.000000 1.000000 1.000000
4150.117188 0.000000 2605.302734 0.000000 0.989685 0.000000 -0.143259 1.000000 1.000000 1.000000
4132.590332 0.000000 2608.287842 0.000000 0.993918 0.000000 -0.110126 0.000000 0.000000 0.000000
4146.317383 0.000000 2601.472412 0.000000 0.972022 0.000000 -0.234888 0.000000 0.000000 0.000000
4138.133789 0.000000 2602.418701 0.000000 0.995128 0.000000 0.098587 0.000000 0.000000 0.000000
4154.875000 0.000000 2598.435791 0.000000 0.898911 0.000000 0.438131 0.000000 0.000000 0.000000
4122.844238 0.000000 2599.998779 0.000000 0.905960 0.000000 0.423364 0.000000 0.000000 0.000000
4118.596680 0.000000 2618.812500 0.000000 0.895445 0.000000 0.445172 0.000000 0.000000 0.000000
4118.302246 0.000000 2603.335205 0.000000 0.988830 0.000000 0.149046 0.000000 0.000000 0.000000
4099.605469 0.000000 2621.557861 0.000000 0.993372 0.000000 -0.114945 1.000000 1.000000 1.000000
4137.896973 0.000000 2598.309570 0.000000 0.988656 0.000000 0.150201 0.000000 0.000000 0.000000
4103.290527 0.000000 2641.126465 0.000000 0.965787 0.000000 0.259337 0.000000 0.000000 0.000000
4142.165527 0.000000 2615.823486 0.000000 0.966601 0.000000 -0.256284 0.000000 0.000000 0.000000
4140.817383 0.000000 2607.807129 0.000000 0.999915 0.000000 0.013011 0.000000 0.000000 0.000000
4105.808105 0.000000 2633.986816 0.000000 0.953976 0.000000 -0.299882 0.000000 0.000000 0.000000
4124.683105 0.000000 2611.715088 0.000000 0.986669 0.000000 0.162743 0.000000 0.000000 0.000000
4100.061523 0.000000 2614.490967 0.000000 0.886968 0.000000 -0.461831 0.000000 0.000000 0.000000
4147.006836 0.000000 2606.726318 0.000000 0.976464 0.000000 0.215679 0.000000 0.000000 0.000000
4096.205078 0.000000 2620.699951 0.000000 0.985226 0.000000 0.171260 0.000000 0.000000 0.000000
4127.085938 0.000000 2605.910156 0.000000 0.999944 0.000000 0.010582 1.000000 1.000000 1.000000
4108.424805 0.000000 2616.700928 0.000000 0.991806 0.000000 0.127752 1.000000 1.000000 1.000000
4139.534668 0.000000 2614.270996 0.000000 0.983029 0.000000 0.183448 0.000000 0.000000 0.000000
4136.221680 0.000000 2618.724609 0.000000 0.890407 0.000000 0.455165 1.000000 1.000000 1.000000
4148.969238 0.000000 2602.639160 0.000000 0.941704 0.000000 -0.336444 1.000000 1.000000 1.000000
4112.764160 0.000000 2614.233154 0.000000 0.958528 0.000000 0.284999 1.000000 1.000000 1.000000
4106.422852 0.000000 2622.028809 0.000000 0.928114 0.000000 -0.372297 0.000000 0.000000 0.000000
4115.958008 0.000000 2604.993896 0.000000 0.999373 0.000000 0.035414 0.000000 0.000000 0.000000
4116.109863 0.000000 2609.970947 0.000000 0.944618 0.000000 -0.328171 1.000000 1.000000 1.000000
4146.542480 0.000000 2604.079834 0.000000 0.999278 0.000000 0.038004 0.000000 0.000000 0.000000
4115.875488 0.000000 2613.729980 0.000000 0.999753 0.000000 0.022235 1.000000 1.000000 1.000000
4129.496582 0.000000 2622.511963 0.000000 0.974552 0.000000 -0.224163 0.000000 0.000000 0.000000
4112.003418 0.000000 2625.583984 0.000000 0.995658 0.000000 -0.093083 1.000000 1.000000 1.000000
4195.530762 0.000000 2648.869873 0.000000 0.998184 0.000000 -0.060246 0.000000 0.000000 0.000000
4205.255371 0.000000 2653.156738 0.000000 0.974208 0.000000 -0.225653 0.000000 0.000000 0.000000
4187.221680 0.000000 2644.309814 0.000000 0.999687 0.000000 -0.025009 0.000000 0.000000 0.000000
4217.426758 0.000000 2615.680176 0.000000 0.991819 0.000000 -0.127654 0.000000 0.000000 0.000000
4185.924805 0.000000 2651.521729 0.000000 0.921024 0.000000 0.389505 0.000000 0.000000 0.000000
4191.273438 0.000000 2653.157715 0.000000 0.997102 0.000000 0.076070 0.000000 0.000000 0.000000
4198.720703 0.000000 2645.015869 0.000000 0.990265 0.000000 0.139198 1.000000 1.000000 1.000000
4217.614258 0.000000 2650.662354 0.000000 0.894722 0.000000 0.446623 0.000000 0.000000 0.000000
4210.569336 0.000000 2654.255127 0.000000 0.907384 0.000000 0.420304 0.000000 0.000000 0.000000
4182.302246 0.000000 2603.335205 0.000000 0.999118 0.000000 0.042001 0.000000 0.000000 0.000000
4215.430664 0.000000 2612.158203 0.000000 0.925804 0.000000 -0.378003 0.000000 0.000000 0.000000
4160.173340 0.000000 2600.105957 0.000000 0.938589 0.000000 -0.345039 0.000000 0.000000 0.000000
4160.110840 0.000000 2608.645752 0.000000 0.986370 0.000000 -0.164545 0.000000 0.000000 0.000000
4160.522461 0.000000 2613.983398 0.000000 0.943114 0.000000 0.332471 0.000000 0.000000 0.000000
4201.927734 0.000000 2643.014404 0.000000 0.969649 0.000000 -0.244503 0.000000 0.000000 0.000000
4215.010742 0.000000 2653.234131 0.000000 0.942782 0.000000 -0.333409 0.000000 0.000000 0.000000
4214.469238 0.000000 2608.435303 0.000000 0.984757 0.000000 0.173936 0.000000 0.000000 0.000000
4192.693359 0.000000 2650.269531 0.000000 0.993000 0.000000 -0.118115 0.000000 0.000000 0.000000
4188.116211 0.000000 2653.696777 0.000000 0.993465 0.000000 0.114136 0.000000 0.000000 0.000000
4185.164062 0.000000 2654.140625 0.000000 0.961138 0.000000 -0.276068 0.000000 0.000000 0.000000
4131.530762 0.000000 2705.354248 0.000000 0.910263 0.000000 0.414031 0.000000 0.000000 0.000000
4135.675293 0.000000 2709.539551 0.000000 0.872593 0.000000 0.488447 0.000000 0.000000 0.000000
4134.720703 0.000000 2701.500244 0.000000 0.995905 0.000000 -0.090411 0.000000 0.000000 0.000000
4119.759277 0.000000 2698.891357 0.000000 0.932429 0.000000 -0.361354 0.000000 0.000000 0.000000
4132.314453 0.000000 2708.161621 0.000000 0.999899 0.000000 -0.014199 0.000000 0.000000 0.000000
4201.206543 0.000000 2663.309326 0.000000 0.999705 0.000000 0.024288 0.000000 0.000000 0.000000
4180.950195 0.000000 2663.934814 0.000000 0.973169 0.000000 0.230092 0.000000 0.000000 0.000000
4190.802246 0.000000 2654.826660 0.000000 0.977083 0.000000 0.212861 0.000000 0.000000 0.000000
4194.074219 0.000000 2660.285400 0.000000 0.979250 0.000000 0.202656 0.000000 0.000000 0.000000
4214.117188 0.000000 2661.787109 0.000000 0.999981 0.000000 0.006101 0.000000 0.000000 0.000000
4196.590332 0.000000 2664.772217 0.000000 0.999590 0.000000 -0.028626 0.000000 0.000000 0.000000
4210.317383 0.000000 2657.956787 0.000000 0.900674 0.000000 0.434496 0.000000 0.000000 0.000000
4202.133789 0.000000 2658.903076 0.000000 0.991638 0.000000 0.129050 0.000000 0.000000 0.000000
4218.875000 0.000000 2654.920166 0.000000 0.886558 0.000000 -0.462617 0.000000 0.000000 0.000000
4221.449707 0.000000 2664.251709 0.000000 0.979440 0.000000 -0.201737 0.000000 0.000000 0.000000
4205.457031 0.000000 2658.979248 0.000000 0.995120 0.000000 -0.098677 0.000000 0.000000 0.000000
4193.860352 0.000000 2663.506836 0.000000 0.930737 0.000000 0.365690 0.000000 0.000000 0.000000
4203.597168 0.000000 2656.790039 0.000000 0.998945 0.000000 -0.045925 1.000000 1.000000 1.000000
4233.095215 0.000000 2610.268555 0.000000 0.995999 0.000000 0.089361 0.000000 0.000000 0.000000
4233.437988 0.000000 2599.098877 0.000000 0.927269 0.000000 0.374396 0.000000 0.000000 0.000000
4224.173340 0.000000 2600.105957 0.000000 0.955159 0.000000 0.296093 0.000000 0.000000 0.000000
4226.492188 0.000000 2601.870850 0.000000 0.992203 0.000000 -0.124634 0.000000 0.000000 0.000000
4227.589355 0.000000 2667.147949 0.000000 0.916319 0.000000 0.400450 0.000000 0.000000 0.000000
4233.095215 0.000000 2666.752930 0.000000 0.997783 0.000000 0.066546 0.000000 0.000000 0.000000
4269.060059 0.000000 2697.157471 0.000000 0.937676 0.000000 0.347511 0.000000 0.000000 0.000000
4229.348633 0.000000 2663.207520 0.000000 0.990764 0.000000 0.135598 0.000000 0.000000 0.000000
4268.877441 0.000000 2688.552490 0.000000 0.987497 0.000000 -0.157639 0.000000 0.000000 0.000000
4226.759766 0.000000 2663.880127 0.000000 0.970233 0.000000 -0.242173 0.000000 0.000000 0.000000
4116.950195 0.000000 2720.419189 0.000000 0.959110 0.000000 -0.283032 0.000000 0.000000 0.000000
4127.430176 0.000000 2722.021973 0.000000 0.981324 0.000000 -0.192360 0.000000 0.000000 0.000000
4122.616699 0.000000 2717.459473 0.000000 0.924932 0.000000 0.380133 0.000000 0.000000 0.000000
4130.074219 0.000000 2716.769775 0.000000 0.899976 0.000000 0.435940 0.000000 0.000000 0.000000
4113.626465 0.000000 2716.459473 0.000000 0.981990 0.000000 0.188933 0.000000 0.000000 0.000000
4121.550293 0.000000 2722.851318 0.000000 0.980751 0.000000 0.195265 0.000000 0.000000 0.000000
4118.302246 0.000000 2716.303955 0.000000 0.984867 0.000000 0.173312 1.000000 1.000000 1.000000
4129.456543 0.000000 2725.174805 0.000000 0.990739 0.000000 0.135780 0.000000 0.000000 0.000000
4113.653320 0.000000 2719.719482 0.000000 0.866911 0.000000 -0.498462 0.000000 0.000000 0.000000
4115.958008 0.000000 2717.962646 0.000000 0.999476 0.000000 -0.032364 0.000000 0.000000 0.000000
4201.423340 0.000000 2743.672119 0.000000 0.988383 0.000000 -0.151985 1.000000 1.000000 1.000000
4199.866699 0.000000 2752.953613 0.000000 0.986421 0.000000 0.164235 0.000000 0.000000 0.000000
4193.639160 0.000000 2741.287598 0.000000 0.874895 0.000000 -0.484312 0.000000 0.000000 0.000000
4181.035156 0.000000 2751.967041 0.000000 0.906929 0.000000 0.421284 0.000000 0.000000 0.000000
4205.233887 0.000000 2737.147217 0.000000 0.969434 0.000000 -0.245352 0.000000 0.000000 0.000000
4185.924805 0.000000 2764.490479 0.000000 0.999382 0.000000 0.035163 1.000000 1.000000 1.000000
4204.186523 0.000000 2758.958252 0.000000 0.961107 0.000000 -0.276175 0.000000 0.000000 0.000000
4206.271484 0.000000 2748.538574 0.000000 0.968769 0.000000 0.247963 0.000000 0.000000 0.000000
4198.465332 0.000000 2736.347656 0.000000 0.971954 0.000000 -0.235171 0.000000 0.000000 0.000000
4190.600098 0.000000 2760.953613 0.000000 0.997958 0.000000 0.063875 0.000000 0.000000 0.000000
4198.720703 0.000000 2757.984619 0.000000 0.946439 0.000000 0.322882 0.000000 0.000000 0.000000
4211.521484 0.000000 2739.258789 0.000000 0.966209 0.000000 -0.257761 0.000000 0.000000 0.000000
4173.883301 0.000000 2759.746094 0.000000 0.982688 0.000000 0.185269 1.000000 1.000000 1.000000
4180.194824 0.000000 2757.162842 0.000000 0.977987 0.000000 -0.208667 0.000000 0.000000 0.000000
4216.851562 0.000000 2742.862305 0.000000 0.998779 0.000000 -0.049392 0.000000 0.000000 0.000000
4171.937012 0.000000 2744.019287 0.000000 0.952257 0.000000 -0.305297 0.000000 0.000000 0.000000
4177.114746 0.000000 2765.809814 0.000000 0.979058 0.000000 -0.203583 0.000000 0.000000 0.000000
4167.290527 0.000000 2754.095215 0.000000 0.967892 0.000000 0.251365 0.000000 0.000000 0.000000
4208.887695 0.000000 2736.125488 0.000000 0.999664 0.000000 -0.025917 0.000000 0.000000 0.000000
4177.216309 0.000000 2751.131348 0.000000 0.998671 0.000000 0.051544 0.000000 0.000000 0.000000
4208.763672 0.000000 2751.056396 0.000000 0.898593 0.000000 -0.438783 0.000000 0.000000 0.000000
4186.771973 0.000000 2761.160400 0.000000 0.870025 0.000000 -0.493007 0.000000 0.000000 0.000000
4190.089844 0.000000 2740.185303 0.000000 0.999731 0.000000 -0.023174 0.000000 0.000000 0.000000
4189.536621 0.000000 2751.263184 0.000000 0.954837 0.000000 -0.297129 1.000000 1.000000 1.000000
4186.132812 0.000000 2745.701904 0.000000 0.999716 0.000000 0.023849 0.000000 0.000000 0.000000
4175.660156 0.000000 2762.415283 0.000000 0.890069 0.000000 0.455827 0.000000 0.000000 0.000000
4190.841309 0.000000 2742.882080 0.000000 0.906644 0.000000 -0.421897 0.000000 0.000000 0.000000
4205.452148 0.000000 2739.819824 0.000000 0.926569 0.000000 0.376124 0.000000 0.000000 0.000000
4186.516602 0.000000 2750.028809 0.000000 0.944835 0.000000 0.327548 1.000000 1.000000 1.000000
4171.346680 0.000000 2759.214111 0.000000 0.980733 0.000000 0.195351 0.000000 0.000000 0.000000
4224.290527 0.000000 2745.615234 0.000000 0.991723 0.000000 0.128396 0.000000 0.000000 0.000000
4266.581543 0.000000 2730.054932 0.000000 0.900392 0.000000 0.435081 0.000000 0.000000 0.000000
4273.916504 0.000000 2729.040039 0.000000 0.992767 0.000000 0.120054 0.000000 0.000000 0.000000
4261.443359 0.000000 2731.052002 0.000000 0.973685 0.000000 0.227898 0.000000 0.000000 0.000000
4272.446289 0.000000 2722.080811 0.000000 0.935520 0.000000 -0.353274 0.000000 0.000000 0.000000
4273.098145 0.000000 2725.625977 0.000000 0.982517 0.000000 -0.186171 0.000000 0.000000 0.000000
"}
object={
	name="french_dynamic_mining_objects_generator_1_2"
	clamp_to_water_level=no
	render_under_water=no
	generated_content=yes
	layer="mines_dynamic"
	pdxmesh="french_mining_quarry_03_mesh"
	count=223
	transform="4095.419434 0.000000 2620.153320 0.000000 0.615946 0.000000 -0.787788 0.000000 0.000000 0.000000
4018.281250 0.000000 2697.834717 0.000000 0.850800 0.000000 -0.525490 0.000000 0.000000 0.000000
4024.634766 0.000000 2690.554199 0.000000 0.174554 0.000000 -0.984648 0.000000 0.000000 0.000000
4031.097656 0.000000 2694.154785 0.000000 0.570774 0.000000 -0.821107 0.000000 0.000000 0.000000
4026.308594 0.000000 2699.365234 0.000000 0.781165 0.000000 -0.624325 0.000000 0.000000 0.000000
4027.742432 0.000000 2692.442627 0.000000 0.233214 0.000000 -0.972425 0.000000 0.000000 0.000000
4023.879395 0.000000 2697.960449 0.000000 0.196350 0.000000 -0.980534 0.000000 0.000000 0.000000
4032.354004 0.000000 2702.733398 0.000000 0.768645 0.000000 -0.639675 0.000000 0.000000 0.000000
4082.281250 0.000000 2697.834717 0.000000 0.751357 0.000000 -0.659896 0.000000 0.000000 0.000000
4077.255371 0.000000 2709.641113 0.000000 0.755548 0.000000 -0.655093 0.000000 0.000000 0.000000
4084.885254 0.000000 2706.516846 0.000000 0.640078 0.000000 -0.768310 0.000000 0.000000 0.000000
4046.124512 0.000000 2683.774414 0.000000 0.190385 0.000000 -0.981710 0.000000 0.000000 0.000000
4093.042236 0.000000 2710.423828 0.000000 0.749794 0.000000 -0.661672 0.000000 0.000000 0.000000
4048.020752 0.000000 2698.993896 0.000000 0.141084 0.000000 -0.989998 0.000000 0.000000 0.000000
4071.675293 0.000000 2709.539551 0.000000 0.759152 0.000000 -0.650913 0.000000 0.000000 0.000000
4088.634766 0.000000 2690.554199 0.000000 0.644224 0.000000 -0.764837 0.000000 0.000000 0.000000
4037.003174 0.000000 2690.893555 0.000000 0.839859 0.000000 -0.542805 1.000000 1.000000 1.000000
4089.614258 0.000000 2707.146729 0.000000 0.050881 0.000000 -0.998705 0.000000 0.000000 0.000000
4045.883301 0.000000 2703.261719 0.000000 0.522325 0.000000 -0.852746 0.000000 0.000000 0.000000
4041.597900 0.000000 2704.641113 0.000000 0.696178 0.000000 -0.717869 0.000000 0.000000 0.000000
4074.064209 0.000000 2706.089355 0.000000 0.003902 0.000000 -0.999992 0.000000 0.000000 0.000000
4045.646240 0.000000 2695.511963 0.000000 0.861631 0.000000 -0.507535 0.000000 0.000000 0.000000
4032.390625 0.000000 2698.315674 0.000000 0.770045 0.000000 -0.637989 0.000000 0.000000 0.000000
4085.811279 0.000000 2696.064697 0.000000 0.849113 0.000000 -0.528211 1.000000 1.000000 1.000000
4041.807861 0.000000 2690.471191 0.000000 0.695940 0.000000 -0.718100 1.000000 1.000000 1.000000
4080.763672 0.000000 2694.572021 0.000000 0.827681 0.000000 -0.561199 0.000000 0.000000 0.000000
4036.219482 0.000000 2687.399658 0.000000 0.642626 0.000000 -0.766180 0.000000 0.000000 0.000000
4088.579102 0.000000 2703.927979 0.000000 0.795949 0.000000 -0.605363 0.000000 0.000000 0.000000
4084.391846 0.000000 2703.152344 0.000000 0.257767 0.000000 -0.966207 0.000000 0.000000 0.000000
4087.033203 0.000000 2693.213623 0.000000 0.723644 0.000000 -0.690174 0.000000 0.000000 0.000000
4038.656738 0.000000 2703.583496 0.000000 0.764945 0.000000 -0.644095 0.000000 0.000000 0.000000
4038.114014 0.000000 2693.724121 0.000000 0.837281 0.000000 -0.546773 1.000000 1.000000 1.000000
4035.168213 0.000000 2698.718262 0.000000 0.537427 0.000000 -0.843310 0.000000 0.000000 0.000000
4079.961914 0.000000 2710.025635 0.000000 0.341896 0.000000 -0.939738 0.000000 0.000000 0.000000
4034.786133 0.000000 2689.666260 0.000000 0.605366 0.000000 -0.795947 0.000000 0.000000 0.000000
4084.503418 0.000000 2709.183105 0.000000 0.490863 0.000000 -0.871237 1.000000 1.000000 1.000000
4048.003174 0.000000 2682.068359 0.000000 0.299589 0.000000 -0.954068 1.000000 1.000000 1.000000
4077.901367 0.000000 2712.204346 0.000000 0.223830 0.000000 -0.974628 0.000000 0.000000 0.000000
4079.844482 0.000000 2718.360352 0.000000 0.506223 0.000000 -0.862402 0.000000 0.000000 0.000000
4069.443359 0.000000 2731.052002 0.000000 0.572200 0.000000 -0.820114 0.000000 0.000000 0.000000
4082.317383 0.000000 2714.441162 0.000000 0.684706 0.000000 -0.728819 0.000000 0.000000 0.000000
4063.822266 0.000000 2737.311035 0.000000 0.147933 0.000000 -0.988997 0.000000 0.000000 0.000000
4090.875244 0.000000 2711.404541 0.000000 0.312505 0.000000 -0.949916 0.000000 0.000000 0.000000
4076.817139 0.000000 2720.775879 0.000000 0.224277 0.000000 -0.974525 0.000000 0.000000 0.000000
4067.650879 0.000000 2734.192383 0.000000 0.730645 0.000000 -0.682757 0.000000 0.000000 0.000000
4061.234619 0.000000 2734.958740 0.000000 0.588148 0.000000 -0.808753 0.000000 0.000000 0.000000
4082.542236 0.000000 2717.048584 0.000000 0.864946 0.000000 -0.501865 1.000000 1.000000 1.000000
4079.681152 0.000000 2714.151855 0.000000 0.788105 0.000000 -0.615541 1.000000 1.000000 1.000000
4154.107422 0.000000 2540.512939 0.000000 0.767523 0.000000 -0.641021 0.000000 0.000000 0.000000
4141.255371 0.000000 2596.672363 0.000000 0.638555 0.000000 -0.769576 0.000000 0.000000 0.000000
4153.915527 0.000000 2552.511719 0.000000 0.214669 0.000000 -0.976687 1.000000 1.000000 1.000000
4159.291016 0.000000 2542.201904 0.000000 0.179343 0.000000 -0.983787 0.000000 0.000000 0.000000
4150.117188 0.000000 2548.818359 0.000000 0.204317 0.000000 -0.978905 0.000000 0.000000 0.000000
4155.875488 0.000000 2556.003174 0.000000 0.387499 0.000000 -0.921870 0.000000 0.000000 0.000000
4142.444824 0.000000 2593.159180 0.000000 0.843975 0.000000 -0.536383 0.000000 0.000000 0.000000
4154.815430 0.000000 2549.365967 0.000000 0.489545 0.000000 -0.871978 1.000000 1.000000 1.000000
4156.365723 0.000000 2544.524658 0.000000 0.854832 0.000000 -0.518905 0.000000 0.000000 0.000000
4187.221680 0.000000 2587.825439 0.000000 0.563426 0.000000 -0.826167 0.000000 0.000000 0.000000
4185.924805 0.000000 2595.037354 0.000000 0.834570 0.000000 -0.550902 1.000000 1.000000 1.000000
4192.909180 0.000000 2584.040283 0.000000 0.418445 0.000000 -0.908242 0.000000 0.000000 0.000000
4221.041992 0.000000 2597.455078 0.000000 0.664292 0.000000 -0.747473 0.000000 0.000000 0.000000
4176.020996 0.000000 2586.025146 0.000000 0.761888 0.000000 -0.647709 0.000000 0.000000 0.000000
4165.568848 0.000000 2545.814697 0.000000 0.787711 0.000000 -0.616045 0.000000 0.000000 0.000000
4193.638184 0.000000 2588.565430 0.000000 0.745111 0.000000 -0.666940 0.000000 0.000000 0.000000
4189.565918 0.000000 2585.095703 0.000000 0.521032 0.000000 -0.853537 1.000000 1.000000 1.000000
4170.749023 0.000000 2583.989746 0.000000 0.349880 0.000000 -0.936795 0.000000 0.000000 0.000000
4186.132812 0.000000 2576.248779 0.000000 0.017220 0.000000 -0.999852 0.000000 0.000000 0.000000
4182.697754 0.000000 2588.315430 0.000000 0.835696 0.000000 -0.549193 0.000000 0.000000 0.000000
4224.290527 0.000000 2576.162109 0.000000 0.741967 0.000000 -0.670437 0.000000 0.000000 0.000000
4243.921875 0.000000 2566.122314 0.000000 0.073749 0.000000 -0.997277 0.000000 0.000000 0.000000
4245.035156 0.000000 2582.513916 0.000000 0.859921 0.000000 -0.510427 0.000000 0.000000 0.000000
4227.716309 0.000000 2582.903076 0.000000 0.317803 0.000000 -0.948157 0.000000 0.000000 0.000000
4233.163574 0.000000 2581.097656 0.000000 0.740223 0.000000 -0.672361 0.000000 0.000000 0.000000
4251.974121 0.000000 2573.526367 0.000000 0.305768 0.000000 -0.952106 0.000000 0.000000 0.000000
4228.957031 0.000000 2587.963867 0.000000 0.350188 0.000000 -0.936679 0.000000 0.000000 0.000000
4242.409180 0.000000 2570.206299 0.000000 0.835537 0.000000 -0.549434 0.000000 0.000000 0.000000
4224.073242 0.000000 2580.358398 0.000000 0.605938 0.000000 -0.795512 0.000000 0.000000 0.000000
4225.602051 0.000000 2572.170166 0.000000 0.658139 0.000000 -0.752897 0.000000 0.000000 0.000000
4233.889160 0.000000 2597.062012 0.000000 0.537090 0.000000 -0.843525 0.000000 0.000000 0.000000
4240.310547 0.000000 2566.591553 0.000000 0.471150 0.000000 -0.882053 0.000000 0.000000 0.000000
4241.983398 0.000000 2563.165039 0.000000 0.295109 0.000000 -0.955464 0.000000 0.000000 0.000000
4228.219238 0.000000 2574.430908 0.000000 0.848767 0.000000 -0.528767 1.000000 1.000000 1.000000
4253.536621 0.000000 2581.810059 0.000000 0.690481 0.000000 -0.723351 0.000000 0.000000 0.000000
4230.656738 0.000000 2590.614746 0.000000 0.513334 0.000000 -0.858189 1.000000 1.000000 1.000000
4226.892090 0.000000 2579.998047 0.000000 0.157380 0.000000 -0.987538 1.000000 1.000000 1.000000
4227.167969 0.000000 2585.749512 0.000000 0.319889 0.000000 -0.947455 0.000000 0.000000 0.000000
4244.724609 0.000000 2571.497314 0.000000 0.167882 0.000000 -0.985807 0.000000 0.000000 0.000000
4247.654785 0.000000 2575.452393 0.000000 0.831069 0.000000 -0.556169 1.000000 1.000000 1.000000
4224.956543 0.000000 2582.916748 0.000000 0.569610 0.000000 -0.821915 0.000000 0.000000 0.000000
4226.854492 0.000000 2589.343750 0.000000 0.845662 0.000000 -0.533719 1.000000 1.000000 1.000000
4137.206543 0.000000 2606.824951 0.000000 0.682068 0.000000 -0.731289 0.000000 0.000000 0.000000
4150.803711 0.000000 2600.347412 0.000000 0.064097 0.000000 -0.997944 0.000000 0.000000 0.000000
4110.189453 0.000000 2634.725098 0.000000 0.822468 0.000000 -0.568812 1.000000 1.000000 1.000000
4115.921875 0.000000 2622.606689 0.000000 0.184708 0.000000 -0.982793 0.000000 0.000000 0.000000
4098.164551 0.000000 2617.652832 0.000000 0.455637 0.000000 -0.890166 0.000000 0.000000 0.000000
4110.124512 0.000000 2627.290039 0.000000 0.408063 0.000000 -0.912954 0.000000 0.000000 0.000000
4143.844727 0.000000 2605.391602 0.000000 0.481806 0.000000 -0.876278 0.000000 0.000000 0.000000
4122.616699 0.000000 2604.490723 0.000000 0.689267 0.000000 -0.724508 1.000000 1.000000 1.000000
4101.002930 0.000000 2634.409180 0.000000 0.725920 0.000000 -0.687779 0.000000 0.000000 0.000000
4133.443359 0.000000 2618.083252 0.000000 0.830447 0.000000 -0.557098 0.000000 0.000000 0.000000
4121.550293 0.000000 2609.882568 0.000000 0.273976 0.000000 -0.961737 1.000000 1.000000 1.000000
4114.853027 0.000000 2634.888672 0.000000 0.742319 0.000000 -0.670046 0.000000 0.000000 0.000000
4133.993652 0.000000 2627.844482 0.000000 0.026528 0.000000 -0.999648 0.000000 0.000000 0.000000
4107.937012 0.000000 2631.050537 0.000000 0.408543 0.000000 -0.912739 0.000000 0.000000 0.000000
4109.646484 0.000000 2639.027588 0.000000 0.425702 0.000000 -0.904863 0.000000 0.000000 0.000000
4134.192871 0.000000 2603.988037 0.000000 0.821351 0.000000 -0.570423 0.000000 0.000000 0.000000
4138.157715 0.000000 2621.117432 0.000000 0.287250 0.000000 -0.957856 0.000000 0.000000 0.000000
4106.276367 0.000000 2618.888672 0.000000 0.799645 0.000000 -0.600473 1.000000 1.000000 1.000000
4137.764648 0.000000 2626.605469 0.000000 0.557396 0.000000 -0.830247 0.000000 0.000000 0.000000
4108.652344 0.000000 2623.708008 0.000000 0.268153 0.000000 -0.963376 0.000000 0.000000 0.000000
4153.786621 0.000000 2602.806152 0.000000 0.054782 0.000000 -0.998498 1.000000 1.000000 1.000000
4119.828125 0.000000 2622.458008 0.000000 0.515580 0.000000 -0.856842 0.000000 0.000000 0.000000
4111.712891 0.000000 2616.895508 0.000000 0.364373 0.000000 -0.931253 1.000000 1.000000 1.000000
4113.983398 0.000000 2619.649414 0.000000 0.758089 0.000000 -0.652151 1.000000 1.000000 1.000000
4131.650879 0.000000 2621.223633 0.000000 0.145114 0.000000 -0.989415 0.000000 0.000000 0.000000
4131.373047 0.000000 2625.224609 0.000000 0.177348 0.000000 -0.984148 0.000000 0.000000 0.000000
4100.219238 0.000000 2630.915283 0.000000 0.729665 0.000000 -0.683804 0.000000 0.000000 0.000000
4135.553711 0.000000 2615.483643 0.000000 0.420824 0.000000 -0.907142 0.000000 0.000000 0.000000
4154.815430 0.000000 2605.850342 0.000000 0.049593 0.000000 -0.998770 1.000000 1.000000 1.000000
4113.653320 0.000000 2606.750732 0.000000 0.262320 0.000000 -0.964981 0.000000 0.000000 0.000000
4135.443848 0.000000 2609.570557 0.000000 0.071515 0.000000 -0.997440 0.000000 0.000000 0.000000
4118.343750 0.000000 2615.673584 0.000000 0.609718 0.000000 -0.792619 0.000000 0.000000 0.000000
4148.340820 0.000000 2598.617432 0.000000 0.404175 0.000000 -0.914682 0.000000 0.000000 0.000000
4145.495117 0.000000 2598.381348 0.000000 0.745582 0.000000 -0.666414 1.000000 1.000000 1.000000
4132.294922 0.000000 2601.937988 0.000000 0.276440 0.000000 -0.961031 0.000000 0.000000 0.000000
4103.290527 0.000000 2632.953613 0.000000 0.080871 0.000000 -0.996725 0.000000 0.000000 0.000000
4118.909180 0.000000 2609.281006 0.000000 0.054353 0.000000 -0.998522 1.000000 1.000000 1.000000
4134.386719 0.000000 2620.629395 0.000000 0.306457 0.000000 -0.951885 1.000000 1.000000 1.000000
4132.193359 0.000000 2605.740234 0.000000 0.548564 0.000000 -0.836108 1.000000 1.000000 1.000000
4116.724609 0.000000 2627.981689 0.000000 0.367657 0.000000 -0.929961 1.000000 1.000000 1.000000
4123.921387 0.000000 2614.237061 0.000000 0.821487 0.000000 -0.570227 0.000000 0.000000 0.000000
4152.357422 0.000000 2606.628174 0.000000 0.630084 0.000000 -0.776527 1.000000 1.000000 1.000000
4098.786133 0.000000 2633.181885 0.000000 0.234555 0.000000 -0.972103 0.000000 0.000000 0.000000
4112.687988 0.000000 2633.466309 0.000000 0.577575 0.000000 -0.816338 0.000000 0.000000 0.000000
4116.387207 0.000000 2625.078369 0.000000 0.808102 0.000000 -0.589042 1.000000 1.000000 1.000000
4125.269531 0.000000 2600.440674 0.000000 0.107548 0.000000 -0.994200 1.000000 1.000000 1.000000
4103.852051 0.000000 2635.458740 0.000000 0.683354 0.000000 -0.730087 1.000000 1.000000 1.000000
4223.683594 0.000000 2611.321777 0.000000 0.583100 0.000000 -0.812400 0.000000 0.000000 0.000000
4212.885254 0.000000 2650.032471 0.000000 0.020816 0.000000 -0.999783 0.000000 0.000000 0.000000
4221.524414 0.000000 2603.794678 0.000000 0.754304 0.000000 -0.656525 0.000000 0.000000 0.000000
4182.797363 0.000000 2599.255859 0.000000 0.648404 0.000000 -0.761297 0.000000 0.000000 0.000000
4221.041992 0.000000 2653.939453 0.000000 0.858597 0.000000 -0.512650 0.000000 0.000000 0.000000
4161.476562 0.000000 2604.739990 0.000000 0.738366 0.000000 -0.674400 0.000000 0.000000 0.000000
4217.915527 0.000000 2608.996094 0.000000 0.449205 0.000000 -0.893429 0.000000 0.000000 0.000000
4218.165039 0.000000 2620.832031 0.000000 0.488943 0.000000 -0.872316 0.000000 0.000000 0.000000
4222.127441 0.000000 2615.721191 0.000000 0.018949 0.000000 -0.999820 0.000000 0.000000 0.000000
4218.875000 0.000000 2598.435791 0.000000 0.576817 0.000000 -0.816873 0.000000 0.000000 0.000000
4219.875488 0.000000 2612.487549 0.000000 0.744917 0.000000 -0.667157 1.000000 1.000000 1.000000
4178.974121 0.000000 2599.684082 0.000000 0.596711 0.000000 -0.802456 0.000000 0.000000 0.000000
4196.176270 0.000000 2642.300781 0.000000 0.702284 0.000000 -0.711897 0.000000 0.000000 0.000000
4212.612793 0.000000 2613.993164 0.000000 0.036504 0.000000 -0.999334 0.000000 0.000000 0.000000
4198.643555 0.000000 2649.983398 0.000000 0.023664 0.000000 -0.999720 0.000000 0.000000 0.000000
4189.075684 0.000000 2650.681396 0.000000 0.657400 0.000000 -0.753542 1.000000 1.000000 1.000000
4190.662598 0.000000 2644.471680 0.000000 0.587525 0.000000 -0.809206 0.000000 0.000000 0.000000
4201.246582 0.000000 2646.593018 0.000000 0.750116 0.000000 -0.661307 0.000000 0.000000 0.000000
4198.352539 0.000000 2647.469727 0.000000 0.849081 0.000000 -0.528263 0.000000 0.000000 0.000000
4114.736816 0.000000 2704.886719 0.000000 0.379037 0.000000 -0.925381 0.000000 0.000000 0.000000
4123.221680 0.000000 2700.794189 0.000000 0.202212 0.000000 -0.979342 0.000000 0.000000 0.000000
4138.064453 0.000000 2706.089355 0.000000 0.261439 0.000000 -0.965220 0.000000 0.000000 0.000000
4130.997070 0.000000 2710.729004 0.000000 0.816696 0.000000 -0.577069 0.000000 0.000000 0.000000
4125.565918 0.000000 2698.064453 0.000000 0.729912 0.000000 -0.683541 0.000000 0.000000 0.000000
4134.643555 0.000000 2706.467773 0.000000 0.234543 0.000000 -0.972106 0.000000 0.000000 0.000000
4113.116211 0.000000 2702.013184 0.000000 0.424934 0.000000 -0.905224 0.000000 0.000000 0.000000
4126.662598 0.000000 2700.956055 0.000000 0.096151 0.000000 -0.995367 0.000000 0.000000 0.000000
4116.862305 0.000000 2703.432617 0.000000 0.710555 0.000000 -0.703642 0.000000 0.000000 0.000000
4118.697754 0.000000 2701.284180 0.000000 0.692050 0.000000 -0.721849 0.000000 0.000000 0.000000
4214.803711 0.000000 2656.831787 0.000000 0.758739 0.000000 -0.651395 0.000000 0.000000 0.000000
4191.430176 0.000000 2665.537598 0.000000 0.052525 0.000000 -0.998620 0.000000 0.000000 0.000000
4205.901367 0.000000 2655.719971 0.000000 0.834835 0.000000 -0.550501 0.000000 0.000000 0.000000
4186.616699 0.000000 2660.975098 0.000000 0.745155 0.000000 -0.666892 1.000000 1.000000 1.000000
4188.263672 0.000000 2664.061768 0.000000 0.859991 0.000000 -0.510309 0.000000 0.000000 0.000000
4191.085938 0.000000 2662.394531 0.000000 0.436237 0.000000 -0.899832 1.000000 1.000000 1.000000
4212.340820 0.000000 2655.101807 0.000000 0.601224 0.000000 -0.799080 0.000000 0.000000 0.000000
4212.969238 0.000000 2659.123535 0.000000 0.780639 0.000000 -0.624982 0.000000 0.000000 0.000000
4184.982910 0.000000 2658.639404 0.000000 0.055881 0.000000 -0.998437 1.000000 1.000000 1.000000
4237.467773 0.000000 2613.836426 0.000000 0.773592 0.000000 -0.633684 0.000000 0.000000 0.000000
4233.453613 0.000000 2604.600586 0.000000 0.794823 0.000000 -0.606841 0.000000 0.000000 0.000000
4225.476562 0.000000 2604.739990 0.000000 0.642207 0.000000 -0.766531 0.000000 0.000000 0.000000
4229.568848 0.000000 2602.299072 0.000000 0.507632 0.000000 -0.861574 0.000000 0.000000 0.000000
4235.269531 0.000000 2607.611328 0.000000 0.062069 0.000000 -0.998072 0.000000 0.000000 0.000000
4236.396484 0.000000 2610.789062 0.000000 0.749892 0.000000 -0.661561 0.000000 0.000000 0.000000
4228.015137 0.000000 2604.368408 0.000000 0.085867 0.000000 -0.996307 0.000000 0.000000 0.000000
4230.927734 0.000000 2604.628662 0.000000 0.844374 0.000000 -0.535753 0.000000 0.000000 0.000000
4111.347656 0.000000 2711.534180 0.000000 0.699311 0.000000 -0.714818 0.000000 0.000000 0.000000
4134.270996 0.000000 2712.656982 0.000000 0.193704 0.000000 -0.981060 0.000000 0.000000 0.000000
4118.797363 0.000000 2712.224609 0.000000 0.331481 0.000000 -0.943462 0.000000 0.000000 0.000000
4109.333984 0.000000 2715.579346 0.000000 0.189361 0.000000 -0.981908 0.000000 0.000000 0.000000
4122.844238 0.000000 2712.967529 0.000000 0.737205 0.000000 -0.675669 0.000000 0.000000 0.000000
4114.974121 0.000000 2712.652832 0.000000 0.445765 0.000000 -0.895150 0.000000 0.000000 0.000000
4130.139648 0.000000 2712.976318 0.000000 0.752565 0.000000 -0.658518 0.000000 0.000000 0.000000
4132.294922 0.000000 2714.906738 0.000000 0.824214 0.000000 -0.566279 0.000000 0.000000 0.000000
4170.048340 0.000000 2756.750244 0.000000 0.028293 0.000000 -0.999600 0.000000 0.000000 0.000000
4212.449707 0.000000 2744.010498 0.000000 0.773377 0.000000 -0.633946 0.000000 0.000000 0.000000
4181.428223 0.000000 2743.597656 0.000000 0.193026 0.000000 -0.981194 0.000000 0.000000 0.000000
4218.133789 0.000000 2738.714355 0.000000 0.760897 0.000000 -0.648872 1.000000 1.000000 1.000000
4196.049805 0.000000 2747.539551 0.000000 0.612961 0.000000 -0.790113 0.000000 0.000000 0.000000
4207.365234 0.000000 2742.053711 0.000000 0.586677 0.000000 -0.809821 0.000000 0.000000 0.000000
4211.720703 0.000000 2749.121826 0.000000 0.572087 0.000000 -0.820193 0.000000 0.000000 0.000000
4187.974121 0.000000 2742.979492 0.000000 0.716613 0.000000 -0.697471 0.000000 0.000000 0.000000
4216.634766 0.000000 2747.038574 0.000000 0.748828 0.000000 -0.662764 0.000000 0.000000 0.000000
4186.548828 0.000000 2752.562988 0.000000 0.863218 0.000000 -0.504831 0.000000 0.000000 0.000000
4183.427734 0.000000 2760.245361 0.000000 0.171893 0.000000 -0.985116 1.000000 1.000000 1.000000
4181.636230 0.000000 2765.752197 0.000000 0.053753 0.000000 -0.998554 1.000000 1.000000 1.000000
4191.949707 0.000000 2745.506104 0.000000 0.490996 0.000000 -0.871162 0.000000 0.000000 0.000000
4197.993652 0.000000 2740.813232 0.000000 0.737803 0.000000 -0.675017 1.000000 1.000000 1.000000
4201.764648 0.000000 2739.574219 0.000000 0.548322 0.000000 -0.836267 0.000000 0.000000 0.000000
4196.219727 0.000000 2751.407471 0.000000 0.664222 0.000000 -0.747536 0.000000 0.000000 0.000000
4196.176270 0.000000 2755.269531 0.000000 0.138627 0.000000 -0.990345 0.000000 0.000000 0.000000
4189.565918 0.000000 2754.548828 0.000000 0.511218 0.000000 -0.859451 0.000000 0.000000 0.000000
4177.116211 0.000000 2758.497559 0.000000 0.354599 0.000000 -0.935018 1.000000 1.000000 1.000000
4173.152832 0.000000 2756.480957 0.000000 0.570483 0.000000 -0.821309 0.000000 0.000000 0.000000
4208.015137 0.000000 2739.031494 0.000000 0.773816 0.000000 -0.633410 0.000000 0.000000 0.000000
4213.610352 0.000000 2746.742920 0.000000 0.113616 0.000000 -0.993525 0.000000 0.000000 0.000000
4219.206543 0.000000 2741.230713 0.000000 0.859385 0.000000 -0.511329 1.000000 1.000000 1.000000
4181.228027 0.000000 2749.155029 0.000000 0.174726 0.000000 -0.984617 1.000000 1.000000 1.000000
4172.244629 0.000000 2761.866699 0.000000 0.667377 0.000000 -0.744720 0.000000 0.000000 0.000000
4179.100098 0.000000 2763.996826 0.000000 0.807293 0.000000 -0.590151 1.000000 1.000000 1.000000
4180.862305 0.000000 2759.916992 0.000000 0.037123 0.000000 -0.999311 1.000000 1.000000 1.000000
4183.931152 0.000000 2762.967285 0.000000 0.421425 0.000000 -0.906863 1.000000 1.000000 1.000000
4198.985352 0.000000 2743.114502 0.000000 0.118675 0.000000 -0.992933 1.000000 1.000000 1.000000
4275.915527 0.000000 2723.291260 0.000000 0.133187 0.000000 -0.991091 0.000000 0.000000 0.000000
4225.602051 0.000000 2741.623291 0.000000 0.363933 0.000000 -0.931425 0.000000 0.000000 0.000000
4263.553711 0.000000 2728.452393 0.000000 0.350694 0.000000 -0.936490 0.000000 0.000000 0.000000
"}
