object={
	name="french_dynamic_forestry_objects_generator_1_0"
	clamp_to_water_level=no
	render_under_water=no
	generated_content=yes
	layer="forestry_dynamic"
	pdxmesh="french_forestry_scatter_01_mesh"
	count=10
	transform="4084.600586 0.000000 2565.010742 0.000000 0.301323 0.000000 -0.953522 0.000000 0.000000 0.000000
4148.600586 0.000000 2565.010742 0.000000 0.649054 0.000000 -0.760743 0.000000 0.000000 0.000000
4131.530762 0.000000 2592.385498 0.000000 0.065501 0.000000 -0.997853 0.000000 0.000000 0.000000
4117.428223 0.000000 2630.628906 0.000000 0.144904 0.000000 -0.989446 0.000000 0.000000 0.000000
4193.639160 0.000000 2628.318848 0.000000 0.912638 0.000000 0.408769 0.000000 0.000000 0.000000
4147.915527 0.000000 2666.806885 0.000000 0.201599 0.000000 -0.979468 0.000000 0.000000 0.000000
4174.189453 0.000000 2691.209473 0.000000 0.897596 0.000000 0.440818 0.000000 0.000000 0.000000
4160.354004 0.000000 2759.217773 0.000000 0.994773 0.000000 -0.102110 0.000000 0.000000 0.000000
4160.315430 0.000000 2737.675537 0.000000 0.297970 0.000000 0.954575 0.000000 0.000000 0.000000
4137.206543 0.000000 2776.278076 0.000000 0.553236 0.000000 0.833025 0.000000 0.000000 0.000000
"}
