object={
	name="iceberg_generator_1_0"
	clamp_to_water_level=yes
	render_under_water=yes
	generated_content=yes
	layer="semidynamic"
	pdxmesh="iceberg_01_mesh"
	count=46
	transform="3267.589111 0.000000 125.350990 0.000000 0.698360 0.000000 0.715746 1.000000 1.000000 1.000000
3271.651123 0.000000 130.456131 0.000000 0.373014 0.000000 0.927826 1.000000 1.000000 1.000000
794.844421 0.000000 3447.264404 0.000000 0.784575 0.000000 0.620034 1.000000 1.000000 1.000000
1637.443237 0.000000 3352.380127 0.000000 0.331577 0.000000 0.943428 1.000000 1.000000 1.000000
1755.974365 0.000000 3364.307617 0.000000 0.867067 0.000000 0.498192 1.000000 1.000000 1.000000
1763.373291 0.000000 3359.521484 0.000000 0.113631 0.000000 0.993523 1.000000 1.000000 1.000000
2044.270508 0.000000 3211.458740 0.000000 0.930993 0.000000 0.365036 1.000000 1.000000 1.000000
1894.720825 0.000000 3379.312744 0.000000 0.886268 0.000000 0.463172 1.000000 1.000000 1.000000
1898.581665 0.000000 3464.351807 0.000000 0.599476 0.000000 0.800393 1.000000 1.000000 1.000000
1961.206665 0.000000 3397.606201 0.000000 0.927654 0.000000 0.373441 1.000000 1.000000 1.000000
1923.716309 0.000000 3430.168701 0.000000 0.363582 0.000000 0.931562 1.000000 1.000000 1.000000
1938.852783 0.000000 3425.669922 0.000000 0.796510 0.000000 0.604625 1.000000 1.000000 1.000000
1997.883423 0.000000 3437.558594 0.000000 0.436578 0.000000 0.899667 1.000000 1.000000 1.000000
2001.216431 0.000000 3428.943848 0.000000 0.763726 0.000000 0.645541 1.000000 1.000000 1.000000
1906.317383 0.000000 3505.222412 0.000000 0.631344 0.000000 0.775503 1.000000 1.000000 1.000000
1914.875244 0.000000 3502.185791 0.000000 0.096549 0.000000 0.995328 1.000000 1.000000 1.000000
1801.453857 0.000000 3564.834961 0.000000 0.483226 0.000000 0.875495 1.000000 1.000000 1.000000
1952.264404 0.000000 3523.899658 0.000000 0.877628 0.000000 0.479342 1.000000 1.000000 1.000000
1965.255371 0.000000 3556.906738 0.000000 0.073896 0.000000 0.997266 1.000000 1.000000 1.000000
1946.661499 0.000000 3523.468994 0.000000 0.108121 0.000000 0.994138 1.000000 1.000000 1.000000
2045.935669 0.000000 3532.061279 0.000000 0.297774 0.000000 0.954636 1.000000 1.000000 1.000000
1958.270874 0.000000 3559.922607 0.000000 0.277714 0.000000 0.960664 1.000000 1.000000 1.000000
1961.897095 0.000000 3558.543945 0.000000 0.383772 0.000000 0.923428 1.000000 1.000000 1.000000
2217.206787 0.000000 2606.824951 0.000000 0.818390 0.000000 0.574663 1.000000 1.000000 1.000000
2049.469238 0.000000 3217.673096 0.000000 0.130050 0.000000 0.991507 1.000000 1.000000 1.000000
2061.883301 0.000000 3211.621094 0.000000 0.269114 0.000000 0.963108 1.000000 1.000000 1.000000
2057.597900 0.000000 3213.000488 0.000000 0.426892 0.000000 0.904303 1.000000 1.000000 1.000000
2157.255371 0.000000 3274.484863 0.000000 0.814514 0.000000 0.580143 1.000000 1.000000 1.000000
2161.044678 0.000000 3268.293213 0.000000 0.809986 0.000000 0.586450 1.000000 1.000000 1.000000
2228.885254 0.000000 3214.876221 0.000000 0.160757 0.000000 0.986994 1.000000 1.000000 1.000000
2197.636475 0.000000 3217.627197 0.000000 0.418908 0.000000 0.908028 1.000000 1.000000 1.000000
2189.066650 0.000000 3272.825684 0.000000 0.883732 0.000000 0.467994 1.000000 1.000000 1.000000
2203.974365 0.000000 3251.338867 0.000000 0.210121 0.000000 0.977675 1.000000 1.000000 1.000000
2131.921631 0.000000 3300.419189 0.000000 0.538820 0.000000 0.842421 1.000000 1.000000 1.000000
2130.408936 0.000000 3304.503174 0.000000 0.320687 0.000000 0.947185 1.000000 1.000000 1.000000
2121.095459 0.000000 3344.565430 0.000000 0.035640 0.000000 0.999365 1.000000 1.000000 1.000000
2183.651123 0.000000 3293.581055 0.000000 0.151384 0.000000 0.988475 1.000000 1.000000 1.000000
2225.044678 0.000000 3381.261963 0.000000 0.947632 0.000000 0.319364 1.000000 1.000000 1.000000
2086.720947 0.000000 3492.281494 0.000000 0.706414 0.000000 0.707799 1.000000 1.000000 1.000000
2222.271240 0.000000 3426.351074 0.000000 0.925107 0.000000 0.379706 1.000000 1.000000 1.000000
2232.634766 0.000000 3424.851074 0.000000 0.257981 0.000000 0.966150 1.000000 1.000000 1.000000
4713.764648 0.000000 3473.871094 0.000000 0.432903 0.000000 0.901441 1.000000 1.000000 1.000000
4738.164551 0.000000 3464.918457 0.000000 0.935618 0.000000 0.353014 1.000000 1.000000 1.000000
4740.861816 0.000000 3473.501465 0.000000 0.018128 0.000000 0.999836 1.000000 1.000000 1.000000
4747.937012 0.000000 3478.316162 0.000000 0.156608 0.000000 0.987661 1.000000 1.000000 1.000000
4736.205078 0.000000 3467.965576 0.000000 0.618863 0.000000 0.785499 1.000000 1.000000 1.000000
"}
object={
	name="iceberg_generator_1_1"
	clamp_to_water_level=yes
	render_under_water=yes
	generated_content=yes
	layer="semidynamic"
	pdxmesh="iceberg_02_mesh"
	count=33
	transform="3277.333984 0.000000 117.298126 0.000000 0.971936 0.000000 -0.235247 1.000000 1.000000 1.000000
3269.348877 0.000000 121.410522 0.000000 0.990721 0.000000 0.135911 1.000000 1.000000 1.000000
790.797180 0.000000 3446.521484 0.000000 0.996598 0.000000 0.082411 1.000000 1.000000 1.000000
1439.273193 0.000000 3500.423340 0.000000 0.986469 0.000000 0.163949 1.000000 1.000000 1.000000
1425.114990 0.000000 3500.106689 0.000000 0.969283 0.000000 -0.245948 1.000000 1.000000 1.000000
1631.430420 0.000000 3343.350098 0.000000 0.903946 0.000000 -0.427646 1.000000 1.000000 1.000000
1625.550537 0.000000 3344.179443 0.000000 0.988045 0.000000 -0.154168 1.000000 1.000000 1.000000
1905.044556 0.000000 3381.261963 0.000000 0.999999 0.000000 -0.001121 1.000000 1.000000 1.000000
1886.599976 0.000000 3382.281738 0.000000 0.974560 0.000000 -0.224125 1.000000 1.000000 1.000000
1934.189453 0.000000 3425.506348 0.000000 0.968211 0.000000 0.250135 1.000000 1.000000 1.000000
1956.050049 0.000000 3425.352051 0.000000 0.984211 0.000000 -0.176999 1.000000 1.000000 1.000000
1961.606079 0.000000 3426.543945 0.000000 0.987719 0.000000 0.156238 1.000000 1.000000 1.000000
1943.538208 0.000000 3425.349365 0.000000 0.965783 0.000000 0.259353 1.000000 1.000000 1.000000
1994.048218 0.000000 3434.562744 0.000000 0.967580 0.000000 -0.252564 1.000000 1.000000 1.000000
2007.759277 0.000000 3433.188232 0.000000 0.999067 0.000000 0.043179 1.000000 1.000000 1.000000
1910.803467 0.000000 3504.097412 0.000000 0.918655 0.000000 -0.395061 1.000000 1.000000 1.000000
1959.675415 0.000000 3556.805176 0.000000 0.829051 0.000000 -0.559173 1.000000 1.000000 1.000000
1970.569214 0.000000 3558.005127 0.000000 0.999956 0.000000 -0.009414 1.000000 1.000000 1.000000
2045.734009 0.000000 3536.241455 0.000000 0.918972 0.000000 -0.394322 1.000000 1.000000 1.000000
2202.661621 0.000000 2619.718994 0.000000 0.922219 0.000000 -0.386669 1.000000 1.000000 1.000000
2176.290283 0.000000 3197.490234 0.000000 0.955843 0.000000 0.293879 1.000000 1.000000 1.000000
2233.614258 0.000000 3215.506104 0.000000 0.975553 0.000000 -0.219764 1.000000 1.000000 1.000000
2135.827881 0.000000 3300.270508 0.000000 0.999601 0.000000 0.028255 1.000000 1.000000 1.000000
2119.651123 0.000000 3350.065430 0.000000 0.876003 0.000000 -0.482305 1.000000 1.000000 1.000000
2130.852783 0.000000 3369.185547 0.000000 0.968254 0.000000 0.249967 1.000000 1.000000 1.000000
2209.639404 0.000000 3306.131348 0.000000 0.963793 0.000000 0.266653 1.000000 1.000000 1.000000
2178.164551 0.000000 3295.465332 0.000000 0.958793 0.000000 0.284106 1.000000 1.000000 1.000000
2230.872314 0.000000 3378.912598 0.000000 0.994942 0.000000 -0.100454 1.000000 1.000000 1.000000
2092.186279 0.000000 3493.255127 0.000000 0.995399 0.000000 0.095816 1.000000 1.000000 1.000000
2227.521729 0.000000 3417.071289 0.000000 0.980729 0.000000 -0.195373 1.000000 1.000000 1.000000
2223.152100 0.000000 3434.533203 0.000000 0.982418 0.000000 -0.186696 1.000000 1.000000 1.000000
4702.773926 0.000000 3462.018555 0.000000 0.941948 0.000000 -0.335760 1.000000 1.000000 1.000000
4745.424316 0.000000 3473.420654 0.000000 0.921496 0.000000 -0.388387 1.000000 1.000000 1.000000
"}
object={
	name="iceberg_generator_1_2"
	clamp_to_water_level=yes
	render_under_water=yes
	generated_content=yes
	layer="semidynamic"
	pdxmesh="iceberg_03_mesh"
	count=30
	transform="3253.758057 0.000000 132.333496 0.000000 0.008770 0.000000 -0.999962 1.000000 1.000000 1.000000
3267.605225 0.000000 136.245331 0.000000 0.193504 0.000000 -0.981100 1.000000 1.000000 1.000000
798.802368 0.000000 3445.607910 0.000000 0.025316 0.000000 -0.999680 1.000000 1.000000 1.000000
1438.802368 0.000000 3502.092285 0.000000 0.492465 0.000000 -0.870332 1.000000 1.000000 1.000000
1434.844482 0.000000 3503.748779 0.000000 0.409928 0.000000 -0.912118 1.000000 1.000000 1.000000
1442.139526 0.000000 3503.757568 0.000000 0.606462 0.000000 -0.795112 1.000000 1.000000 1.000000
1502.802368 0.000000 3558.576660 0.000000 0.265423 0.000000 -0.964132 1.000000 1.000000 1.000000
1494.797119 0.000000 3559.490234 0.000000 0.522317 0.000000 -0.852752 1.000000 1.000000 1.000000
1951.273193 0.000000 3387.454590 0.000000 0.006144 0.000000 -0.999981 1.000000 1.000000 1.000000
1894.465210 0.000000 3470.644531 0.000000 0.082845 0.000000 -0.996562 1.000000 1.000000 1.000000
1897.764648 0.000000 3473.871094 0.000000 0.557372 0.000000 -0.830263 1.000000 1.000000 1.000000
1958.192993 0.000000 3394.769287 0.000000 0.162496 0.000000 -0.986709 1.000000 1.000000 1.000000
1913.786499 0.000000 3506.556152 0.000000 0.549249 0.000000 -0.835659 1.000000 1.000000 1.000000
1797.568970 0.000000 3562.533447 0.000000 0.355834 0.000000 -0.934549 1.000000 1.000000 1.000000
1954.040283 0.000000 3520.336182 0.000000 0.363692 0.000000 -0.931519 1.000000 1.000000 1.000000
1949.234741 0.000000 3525.739990 0.000000 0.268849 0.000000 -0.963182 1.000000 1.000000 1.000000
2046.127319 0.000000 3519.471191 0.000000 0.667052 0.000000 -0.745011 1.000000 1.000000 1.000000
2043.742432 0.000000 3539.708252 0.000000 0.233323 0.000000 -0.972399 1.000000 1.000000 1.000000
1965.901245 0.000000 3559.469971 0.000000 0.698486 0.000000 -0.715624 1.000000 1.000000 1.000000
2214.465332 0.000000 2623.378906 0.000000 0.102893 0.000000 -0.994692 1.000000 1.000000 1.000000
2162.281250 0.000000 3262.678467 0.000000 0.629988 0.000000 -0.776605 1.000000 1.000000 1.000000
2154.064209 0.000000 3270.933105 0.000000 0.070072 0.000000 -0.997542 1.000000 1.000000 1.000000
2193.114990 0.000000 3217.684814 0.000000 0.434842 0.000000 -0.900507 1.000000 1.000000 1.000000
2199.538086 0.000000 3255.896240 0.000000 0.014583 0.000000 -0.999894 1.000000 1.000000 1.000000
2126.124512 0.000000 3305.102539 0.000000 0.221885 0.000000 -0.975073 1.000000 1.000000 1.000000
2149.993652 0.000000 3305.656982 0.000000 0.517347 0.000000 -0.855776 1.000000 1.000000 1.000000
2135.538086 0.000000 3368.864990 0.000000 0.150119 0.000000 -0.988668 1.000000 1.000000 1.000000
2181.003174 0.000000 3312.221680 0.000000 0.063806 0.000000 -0.997962 1.000000 1.000000 1.000000
2227.720459 0.000000 3426.934326 0.000000 0.360364 0.000000 -0.932812 1.000000 1.000000 1.000000
4737.602051 0.000000 3475.920166 0.000000 0.728057 0.000000 -0.685517 1.000000 1.000000 1.000000
"}
