object={
	name="latin_dynamic_mining_objects_generator_1_0"
	clamp_to_water_level=no
	render_under_water=no
	generated_content=yes
	layer="mines_dynamic"
	pdxmesh="latin_mining_coaldepo_01_mesh"
	count=35
	transform="2467.530762 0.000000 389.494781 0.000000 0.930779 0.000000 0.365583 0.000000 0.000000 0.000000
2459.221924 0.000000 384.934814 0.000000 0.926075 0.000000 0.377340 0.000000 0.000000 0.000000
2457.924805 0.000000 392.146729 0.000000 0.100097 0.000000 0.994978 1.000000 1.000000 1.000000
2476.186279 0.000000 386.614471 0.000000 0.745760 0.000000 0.666215 0.000000 0.000000 0.000000
2464.909180 0.000000 381.149567 0.000000 0.589537 0.000000 0.807741 0.000000 0.000000 0.000000
2441.597900 0.000000 388.781677 0.000000 0.524815 0.000000 0.851216 0.000000 0.000000 0.000000
2449.114990 0.000000 393.466095 0.000000 0.061407 0.000000 0.998113 1.000000 1.000000 1.000000
2473.927490 0.000000 383.639526 0.000000 0.921354 0.000000 0.388725 0.000000 0.000000 0.000000
2441.888916 0.000000 394.171265 0.000000 0.179662 0.000000 0.983728 0.000000 0.000000 0.000000
2468.176514 0.000000 382.925842 0.000000 0.109940 0.000000 0.993938 0.000000 0.000000 0.000000
2458.772217 0.000000 388.816528 0.000000 0.420310 0.000000 0.907380 0.000000 0.000000 0.000000
2473.246582 0.000000 387.218018 0.000000 0.160318 0.000000 0.987065 0.000000 0.000000 0.000000
2468.101074 0.000000 386.767578 0.000000 0.773081 0.000000 0.634307 0.000000 0.000000 0.000000
2447.347656 0.000000 395.674683 0.000000 0.204083 0.000000 0.978953 0.000000 0.000000 0.000000
2454.797119 0.000000 396.365265 0.000000 0.716528 0.000000 0.697558 0.000000 0.000000 0.000000
2441.437988 0.000000 396.208313 0.000000 0.045878 0.000000 0.998947 0.000000 0.000000 0.000000
2445.333984 0.000000 399.720001 0.000000 0.866006 0.000000 0.500033 0.000000 0.000000 0.000000
2444.406494 0.000000 396.338928 0.000000 0.052303 0.000000 0.998631 0.000000 0.000000 0.000000
1460.600708 0.000000 2282.588867 0.000000 0.157409 0.000000 0.987534 1.000000 1.000000 1.000000
1471.683594 0.000000 2272.415527 0.000000 0.719563 0.000000 0.694427 0.000000 0.000000 0.000000
1460.449829 0.000000 2292.135498 0.000000 0.908339 0.000000 0.418236 0.000000 0.000000 0.000000
1466.165039 0.000000 2281.925781 0.000000 0.903696 0.000000 0.428174 0.000000 0.000000 0.000000
1454.917847 0.000000 2280.689697 0.000000 0.505821 0.000000 0.862638 0.000000 0.000000 0.000000
1470.127319 0.000000 2276.814941 0.000000 0.676348 0.000000 0.736582 1.000000 1.000000 1.000000
1470.018555 0.000000 2285.270020 0.000000 0.795274 0.000000 0.606250 1.000000 1.000000 1.000000
1454.165649 0.000000 2276.917236 0.000000 0.716088 0.000000 0.698010 0.000000 0.000000 0.000000
1458.335327 0.000000 2280.268066 0.000000 0.223025 0.000000 0.974813 1.000000 1.000000 1.000000
1468.880859 0.000000 2282.604736 0.000000 0.101043 0.000000 0.994882 1.000000 1.000000 1.000000
1467.206421 0.000000 2289.355713 0.000000 0.070641 0.000000 0.997502 0.000000 0.000000 0.000000
1467.279419 0.000000 2284.576416 0.000000 0.695979 0.000000 0.718062 1.000000 1.000000 1.000000
1471.940552 0.000000 2278.824463 0.000000 0.181748 0.000000 0.983345 1.000000 1.000000 1.000000
1476.861816 0.000000 2287.329590 0.000000 0.856724 0.000000 0.515775 0.000000 0.000000 0.000000
1475.605225 0.000000 2282.651611 0.000000 0.824203 0.000000 0.566295 1.000000 1.000000 1.000000
1473.602173 0.000000 2289.748291 0.000000 0.551319 0.000000 0.834294 0.000000 0.000000 0.000000
1472.522339 0.000000 2275.077148 0.000000 0.906449 0.000000 0.422315 0.000000 0.000000 0.000000
"}
object={
	name="latin_dynamic_mining_objects_generator_1_1"
	clamp_to_water_level=no
	render_under_water=no
	generated_content=yes
	layer="mines_dynamic"
	pdxmesh="generic_rural_mining_coaldepo_02_mesh"
	count=22
	transform="2450.736816 0.000000 389.027283 0.000000 0.994443 0.000000 0.105281 0.000000 0.000000 0.000000
2445.066650 0.000000 392.122437 0.000000 0.941758 0.000000 -0.336291 0.000000 0.000000 0.000000
2462.600098 0.000000 388.609833 0.000000 0.965783 0.000000 0.259352 1.000000 1.000000 1.000000
2470.720947 0.000000 385.640930 0.000000 0.984302 0.000000 -0.176490 1.000000 1.000000 1.000000
2462.662598 0.000000 385.096680 0.000000 0.998412 0.000000 -0.056330 0.000000 0.000000 0.000000
2460.691406 0.000000 386.998535 0.000000 0.877416 0.000000 -0.479729 1.000000 1.000000 1.000000
1471.419312 0.000000 2281.247070 0.000000 0.938420 0.000000 0.345496 1.000000 1.000000 1.000000
1453.233887 0.000000 2285.272217 0.000000 0.825094 0.000000 -0.564995 0.000000 0.000000 0.000000
1457.916626 0.000000 2277.165039 0.000000 0.931151 0.000000 -0.364634 0.000000 0.000000 0.000000
1464.634888 0.000000 2295.163574 0.000000 0.892191 0.000000 -0.451659 0.000000 0.000000 0.000000
1459.521606 0.000000 2287.383789 0.000000 0.956528 0.000000 0.291640 0.000000 0.000000 0.000000
1461.757935 0.000000 2278.739746 0.000000 0.831629 0.000000 -0.555332 0.000000 0.000000 0.000000
1457.158813 0.000000 2294.003418 0.000000 0.848708 0.000000 -0.528861 0.000000 0.000000 0.000000
1456.887695 0.000000 2284.250488 0.000000 0.855147 0.000000 -0.518385 1.000000 1.000000 1.000000
1452.877319 0.000000 2293.161865 0.000000 0.882059 0.000000 -0.471139 0.000000 0.000000 0.000000
1462.496216 0.000000 2288.683838 0.000000 0.953945 0.000000 -0.299982 0.000000 0.000000 0.000000
1456.015381 0.000000 2287.156494 0.000000 0.871913 0.000000 -0.489660 0.000000 0.000000 0.000000
1461.610352 0.000000 2294.867920 0.000000 0.999714 0.000000 -0.023928 0.000000 0.000000 0.000000
1459.409058 0.000000 2284.861328 0.000000 0.956027 0.000000 0.293279 1.000000 1.000000 1.000000
1472.315308 0.000000 2285.800537 0.000000 0.999949 0.000000 -0.010147 0.000000 0.000000 0.000000
1472.205078 0.000000 2281.793701 0.000000 0.869111 0.000000 -0.494618 1.000000 1.000000 1.000000
1474.873169 0.000000 2285.665283 0.000000 0.999793 0.000000 0.020343 0.000000 0.000000 0.000000
"}
object={
	name="latin_dynamic_mining_objects_generator_1_2"
	clamp_to_water_level=no
	render_under_water=no
	generated_content=yes
	layer="mines_dynamic"
	pdxmesh="generic_rural_mining_pile_01_mesh"
	count=6
	transform="2479.152100 0.000000 384.376953 0.000000 0.667444 0.000000 -0.744660 0.000000 0.000000 0.000000
2451.100342 0.000000 391.653198 0.000000 0.819356 0.000000 -0.573285 0.000000 0.000000 0.000000
1469.935669 0.000000 2289.405029 0.000000 0.683210 0.000000 -0.730222 0.000000 0.000000 0.000000
1462.755981 0.000000 2285.470459 0.000000 0.779093 0.000000 -0.626908 1.000000 1.000000 1.000000
1458.278564 0.000000 2290.083984 0.000000 0.798239 0.000000 -0.602341 0.000000 0.000000 0.000000
1463.542480 0.000000 2282.504883 0.000000 0.753303 0.000000 -0.657674 1.000000 1.000000 1.000000
"}
object={
	name="latin_dynamic_mining_objects_generator_1_3"
	clamp_to_water_level=no
	render_under_water=no
	generated_content=yes
	layer="mines_dynamic"
	pdxmesh="generic_rural_mining_pile_02_mesh"
	count=6
	transform="2453.636475 0.000000 393.408478 0.000000 0.641029 0.000000 -0.767517 0.000000 0.000000 0.000000
2461.565674 0.000000 382.204987 0.000000 0.484868 0.000000 -0.874587 0.000000 0.000000 0.000000
1466.134033 0.000000 2286.839355 0.000000 0.633754 0.000000 -0.773535 1.000000 1.000000 1.000000
1459.720459 0.000000 2297.246826 0.000000 0.614487 0.000000 -0.788927 0.000000 0.000000 0.000000
1454.630737 0.000000 2283.151611 0.000000 0.591841 0.000000 -0.806055 0.000000 0.000000 0.000000
1474.164551 0.000000 2278.746582 0.000000 0.488494 0.000000 -0.872567 0.000000 0.000000 0.000000
"}
object={
	name="latin_dynamic_mining_objects_generator_1_4"
	clamp_to_water_level=no
	render_under_water=no
	generated_content=yes
	layer="mines_dynamic"
	pdxmesh="generic_rural_mining_entrance_01_mesh"
	count=2
	transform="1464.851562 0.000000 2290.987305 0.000000 0.315631 0.000000 -0.948882 0.000000 0.000000 0.000000
1468.546265 0.000000 2287.314697 0.000000 0.378947 0.000000 -0.925418 1.000000 1.000000 1.000000
"}
object={
	name="latin_dynamic_mining_objects_generator_1_5"
	clamp_to_water_level=no
	render_under_water=no
	generated_content=yes
	layer="mines_dynamic"
	pdxmesh="generic_rural_mining_entrance_02_mesh"
	count=7
	transform="2453.436035 0.000000 390.204193 0.000000 0.083050 0.000000 -0.996545 0.000000 0.000000 0.000000
2457.163818 0.000000 394.765686 0.000000 0.194149 0.000000 -0.980972 0.000000 0.000000 0.000000
1469.734009 0.000000 2293.585205 0.000000 0.062135 0.000000 -0.998068 0.000000 0.000000 0.000000
1465.915649 0.000000 2270.089844 0.000000 0.164305 0.000000 -0.986410 0.000000 0.000000 0.000000
1455.365356 0.000000 2290.178711 0.000000 0.199065 0.000000 -0.979986 0.000000 0.000000 0.000000
1452.084717 0.000000 2290.118896 0.000000 0.194519 0.000000 -0.980899 0.000000 0.000000 0.000000
1477.963745 0.000000 2280.073975 0.000000 0.230319 0.000000 -0.973115 0.000000 0.000000 0.000000
"}
