object={
	name="rainforest_generator_2_0"
	clamp_to_water_level=no
	render_under_water=no
	generated_content=yes
	layer="semidynamic_medium"
	pdxmesh="tree_rainforest_001_mesh"
	count=36
	transform="159.822266 0.000000 1212.233032 0.000000 0.004872 0.000000 0.999988 0.231221 0.231221 0.231221
135.290436 0.000000 1220.844238 0.000000 0.222814 0.000000 0.974861 0.198004 0.198004 0.198004
161.496735 0.000000 1210.402588 0.000000 0.385851 0.000000 0.922561 0.280871 0.280871 0.280871
179.156128 0.000000 1200.244995 0.000000 0.081523 0.000000 0.996671 0.243689 0.243689 0.243689
150.346939 0.000000 1208.815552 0.000000 0.530795 0.000000 0.847501 0.234275 0.234275 0.234275
162.170593 0.000000 1214.529175 0.000000 0.551376 0.000000 0.834257 0.281739 0.281739 0.281739
150.083206 0.000000 1222.614014 0.000000 0.280465 0.000000 0.959864 0.282020 0.282020 0.282020
148.653000 0.000000 1219.830933 0.000000 0.431822 0.000000 0.901959 0.323654 0.323654 0.323654
180.335373 0.000000 1200.647461 0.000000 0.012171 0.000000 0.999926 0.280930 0.280930 0.280930
150.587173 0.000000 1218.125366 0.000000 0.066573 0.000000 0.997782 0.294102 0.294102 0.294102
185.149628 0.000000 1202.277466 0.000000 0.492850 0.000000 0.870115 0.319371 0.319371 0.319371
184.863892 0.000000 1204.699951 0.000000 0.520088 0.000000 0.854112 0.321784 0.321784 0.321784
187.976410 0.000000 1201.683960 0.000000 0.098713 0.000000 0.995116 0.287553 0.287553 0.287553
182.526443 0.000000 1204.748047 0.000000 0.172696 0.000000 0.984975 0.293259 0.293259 0.293259
195.569962 0.000000 1199.816162 0.000000 0.133757 0.000000 0.991014 0.290249 0.290249 0.290249
695.370422 0.000000 1106.858521 0.000000 0.490077 0.000000 0.871679 0.262524 0.262524 0.262524
500.449860 0.000000 2009.713623 0.000000 0.070574 0.000000 0.997507 0.192012 0.192012 0.192012
462.936249 0.000000 2023.525024 0.000000 0.411257 0.000000 0.911520 0.234922 0.234922 0.234922
500.417877 0.000000 2007.278198 0.000000 0.214868 0.000000 0.976643 0.248766 0.248766 0.248766
460.884766 0.000000 2023.935547 0.000000 0.539215 0.000000 0.842168 0.277224 0.277224 0.277224
551.675354 0.000000 1975.242676 0.000000 0.451053 0.000000 0.892497 0.190226 0.190226 0.190226
550.885986 0.000000 1964.630493 0.000000 0.124718 0.000000 0.992192 0.277309 0.277309 0.277309
559.560791 0.000000 1963.232422 0.000000 0.324343 0.000000 0.945940 0.228093 0.228093 0.228093
550.985413 0.000000 1952.333130 0.000000 0.139125 0.000000 0.990275 0.240905 0.240905 0.240905
558.584106 0.000000 1969.249268 0.000000 0.003734 0.000000 0.999993 0.211211 0.211211 0.211211
556.263306 0.000000 1970.643799 0.000000 0.133843 0.000000 0.991003 0.213310 0.213310 0.213310
545.651672 0.000000 1956.666260 0.000000 0.320898 0.000000 0.947114 0.221426 0.221426 0.221426
547.886841 0.000000 1951.093262 0.000000 0.085376 0.000000 0.996349 0.265788 0.265788 0.265788
559.226013 0.000000 1961.412964 0.000000 0.371581 0.000000 0.928401 0.249319 0.249319 0.249319
546.170593 0.000000 1948.826050 0.000000 0.175684 0.000000 0.984447 0.286918 0.286918 0.286918
557.321228 0.000000 1958.951660 0.000000 0.113092 0.000000 0.993585 0.305396 0.305396 0.305396
557.685120 0.000000 1956.688477 0.000000 0.253439 0.000000 0.967351 0.311061 0.311061 0.311061
552.979309 0.000000 1962.747070 0.000000 0.195827 0.000000 0.980639 0.295057 0.295057 0.295057
537.268799 0.000000 1993.362305 0.000000 0.191938 0.000000 0.981407 0.227785 0.227785 0.227785
531.298523 0.000000 1994.900269 0.000000 0.459477 0.000000 0.888190 0.235193 0.235193 0.235193
548.142273 0.000000 1977.048340 0.000000 0.538812 0.000000 0.842426 0.259216 0.259216 0.259216
"}
object={
	name="rainforest_generator_2_1"
	clamp_to_water_level=no
	render_under_water=no
	generated_content=yes
	layer="semidynamic_medium"
	pdxmesh="tree_rainforest_002_mesh"
	count=41
	transform="191.683563 0.000000 1199.212280 0.000000 0.932344 0.000000 0.361573 0.197091 0.197091 0.197091
177.916595 0.000000 1203.961914 0.000000 0.774018 0.000000 0.633164 0.194523 0.194523 0.194523
189.258163 0.000000 1198.186157 0.000000 0.817677 0.000000 0.575677 0.220634 0.220634 0.220634
178.464081 0.000000 1202.100220 0.000000 0.725910 0.000000 0.687790 0.271324 0.271324 0.271324
179.232574 0.000000 1205.525757 0.000000 0.667421 0.000000 0.744681 0.272412 0.272412 0.272412
157.245468 0.000000 1222.006714 0.000000 0.883704 0.000000 0.468045 0.334782 0.334782 0.334782
154.960754 0.000000 1222.460205 0.000000 0.674775 0.000000 0.738024 0.328453 0.328453 0.328453
160.381760 0.000000 1213.351074 0.000000 0.913955 0.000000 0.405816 0.371937 0.371937 0.371937
154.844650 0.000000 1211.496582 0.000000 0.891260 0.000000 0.453493 0.368508 0.368508 0.368508
149.595139 0.000000 1217.339478 0.000000 0.933338 0.000000 0.358998 0.371948 0.371948 0.371948
152.585419 0.000000 1211.390625 0.000000 0.609364 0.000000 0.792891 0.335772 0.335772 0.335772
217.550476 0.000000 1197.773315 0.000000 0.938328 0.000000 0.345747 0.206653 0.206653 0.206653
216.358124 0.000000 1194.682861 0.000000 0.905520 0.000000 0.424304 0.200500 0.200500 0.200500
194.886566 0.000000 1201.933350 0.000000 0.672893 0.000000 0.739740 0.336388 0.336388 0.336388
692.449829 0.000000 1105.963623 0.000000 0.842534 0.000000 0.538643 0.285423 0.285423 0.285423
696.851501 0.000000 1104.815552 0.000000 0.898000 0.000000 0.439995 0.305622 0.305622 0.305622
694.374756 0.000000 1104.752808 0.000000 0.869879 0.000000 0.493265 0.284232 0.284232 0.284232
643.834534 0.000000 1129.690063 0.000000 0.880189 0.000000 0.474623 0.232494 0.232494 0.232494
646.658875 0.000000 1129.727417 0.000000 0.930539 0.000000 0.366194 0.375103 0.375103 0.375103
447.097595 0.000000 2016.342285 0.000000 0.798070 0.000000 0.602565 0.216211 0.216211 0.216211
494.271301 0.000000 2014.241577 0.000000 0.758819 0.000000 0.651301 0.193979 0.193979 0.193979
464.020782 0.000000 2021.181396 0.000000 0.935374 0.000000 0.353660 0.220180 0.220180 0.220180
498.737762 0.000000 2010.450806 0.000000 0.604549 0.000000 0.796568 0.287350 0.287350 0.287350
501.040680 0.000000 2005.600586 0.000000 0.625927 0.000000 0.779881 0.299787 0.299787 0.299787
465.554047 0.000000 2023.133789 0.000000 0.653590 0.000000 0.756849 0.334417 0.334417 0.334417
545.638123 0.000000 1967.237427 0.000000 0.852061 0.000000 0.523442 0.261013 0.261013 0.261013
541.565735 0.000000 1963.767456 0.000000 0.780486 0.000000 0.625174 0.265431 0.265431 0.265431
555.827026 0.000000 1958.655518 0.000000 0.893373 0.000000 0.449316 0.239049 0.239049 0.239049
552.632385 0.000000 1960.103882 0.000000 0.835686 0.000000 0.549207 0.250597 0.250597 0.250597
547.914368 0.000000 1949.227905 0.000000 0.817277 0.000000 0.576245 0.323232 0.323232 0.323232
548.653503 0.000000 1958.733643 0.000000 0.645147 0.000000 0.764058 0.251433 0.251433 0.251433
546.989624 0.000000 1952.683105 0.000000 0.938125 0.000000 0.346296 0.337339 0.337339 0.337339
549.208130 0.000000 1946.508057 0.000000 0.926739 0.000000 0.375707 0.354326 0.354326 0.354326
551.114075 0.000000 1950.923584 0.000000 0.724904 0.000000 0.688850 0.338764 0.338764 0.338764
557.920959 0.000000 1961.792725 0.000000 0.883765 0.000000 0.467930 0.367055 0.367055 0.367055
544.756958 0.000000 1960.090820 0.000000 0.807889 0.000000 0.589334 0.330444 0.330444 0.330444
552.295959 0.000000 1955.731445 0.000000 0.783507 0.000000 0.621383 0.353632 0.353632 0.353632
520.383362 0.000000 1998.816895 0.000000 0.748427 0.000000 0.663217 0.278621 0.278621 0.278621
535.989563 0.000000 1989.982910 0.000000 0.629106 0.000000 0.777320 0.232152 0.232152 0.232152
518.215393 0.000000 1993.106445 0.000000 0.628723 0.000000 0.777630 0.275108 0.275108 0.275108
4047.844482 0.000000 2827.345947 0.000000 0.904307 0.000000 0.426883 0.221127 0.221127 0.221127
"}
object={
	name="rainforest_generator_2_2"
	clamp_to_water_level=no
	render_under_water=no
	generated_content=yes
	layer="semidynamic_medium"
	pdxmesh="tree_rainforest_003_mesh"
	count=43
	transform="161.639389 0.000000 1216.209473 0.000000 0.970940 0.000000 -0.239325 0.312577 0.312577 0.312577
190.127289 0.000000 1203.611816 0.000000 0.970447 0.000000 -0.241314 0.202909 0.202909 0.202909
159.949722 0.000000 1220.427856 0.000000 0.977650 0.000000 0.210239 0.313704 0.313704 0.313704
178.335327 0.000000 1207.064941 0.000000 0.999822 0.000000 0.018858 0.293005 0.293005 0.293005
150.646149 0.000000 1216.837646 0.000000 0.990416 0.000000 -0.138119 0.312733 0.312733 0.312733
154.051788 0.000000 1218.466064 0.000000 0.960595 0.000000 -0.277951 0.368607 0.368607 0.368607
157.381714 0.000000 1216.767090 0.000000 0.991281 0.000000 -0.131767 0.312520 0.312520 0.312520
155.568527 0.000000 1219.579224 0.000000 0.977758 0.000000 -0.209735 0.365253 0.365253 0.365253
143.615494 0.000000 1214.926270 0.000000 0.955062 0.000000 0.296405 0.324650 0.324650 0.324650
159.819321 0.000000 1218.907715 0.000000 0.951091 0.000000 -0.308910 0.420855 0.420855 0.420855
146.267090 0.000000 1218.696045 0.000000 0.999886 0.000000 0.015125 0.392353 0.392353 0.392353
155.110931 0.000000 1223.781250 0.000000 0.987424 0.000000 0.158095 0.364569 0.364569 0.364569
153.165436 0.000000 1210.370483 0.000000 0.963370 0.000000 -0.268175 0.419046 0.419046 0.419046
151.490250 0.000000 1211.619263 0.000000 0.988127 0.000000 -0.153638 0.411168 0.411168 0.411168
150.552338 0.000000 1210.420166 0.000000 0.997471 0.000000 -0.071071 0.405150 0.405150 0.405150
158.440216 0.000000 1216.235718 0.000000 0.999960 0.000000 0.008889 0.399348 0.399348 0.399348
214.302170 0.000000 1191.225952 0.000000 0.981693 0.000000 -0.190470 0.252310 0.252310 0.252310
196.061295 0.000000 1202.381470 0.000000 0.997438 0.000000 0.071538 0.248509 0.248509 0.248509
212.698120 0.000000 1191.355957 0.000000 0.998751 0.000000 0.049956 0.343983 0.343983 0.343983
197.718887 0.000000 1200.683716 0.000000 0.987777 0.000000 0.155876 0.388043 0.388043 0.388043
690.992432 0.000000 1102.609253 0.000000 0.999706 0.000000 -0.024246 0.366504 0.366504 0.366504
645.362244 0.000000 1125.887939 0.000000 0.969107 0.000000 -0.246639 0.416612 0.416612 0.416612
688.498535 0.000000 1106.755737 0.000000 0.995070 0.000000 0.099178 0.393180 0.393180 0.393180
644.237427 0.000000 1124.737793 0.000000 0.999398 0.000000 0.034691 0.397687 0.397687 0.397687
497.158875 0.000000 2011.581543 0.000000 0.997591 0.000000 -0.069367 0.252307 0.252307 0.252307
490.451965 0.000000 2011.887207 0.000000 0.983207 0.000000 0.182493 0.256073 0.256073 0.256073
448.956512 0.000000 2018.072998 0.000000 0.996601 0.000000 -0.082375 0.227495 0.227495 0.227495
463.887787 0.000000 2024.690430 0.000000 0.999729 0.000000 0.023265 0.368524 0.368524 0.368524
492.297485 0.000000 2009.005615 0.000000 0.974836 0.000000 0.222921 0.385127 0.385127 0.385127
547.530884 0.000000 1971.057251 0.000000 0.978304 0.000000 -0.207174 0.244442 0.244442 0.244442
545.639404 0.000000 1950.506348 0.000000 0.970916 0.000000 0.239420 0.201460 0.201460 0.201460
556.186279 0.000000 1968.177002 0.000000 0.970622 0.000000 -0.240611 0.202305 0.202305 0.202305
548.219849 0.000000 1960.626221 0.000000 0.999347 0.000000 -0.036122 0.202035 0.202035 0.202035
549.505432 0.000000 1976.156372 0.000000 0.997072 0.000000 -0.076471 0.288945 0.288945 0.288945
546.455933 0.000000 1965.421631 0.000000 0.975605 0.000000 0.219535 0.281789 0.281789 0.281789
540.530762 0.000000 1962.143677 0.000000 0.997440 0.000000 -0.071503 0.285385 0.285385 0.285385
540.971191 0.000000 1965.781494 0.000000 0.989718 0.000000 -0.143029 0.378476 0.378476 0.378476
549.460266 0.000000 1951.803955 0.000000 0.999888 0.000000 -0.014942 0.316497 0.316497 0.316497
542.635132 0.000000 1965.031982 0.000000 0.999059 0.000000 0.043373 0.301145 0.301145 0.301145
552.332458 0.000000 1958.671753 0.000000 0.994796 0.000000 -0.101889 0.369319 0.369319 0.369319
519.674683 0.000000 2000.899170 0.000000 0.954646 0.000000 -0.297743 0.262731 0.262731 0.262731
532.110352 0.000000 1990.590942 0.000000 0.988540 0.000000 0.150959 0.346895 0.346895 0.346895
536.543945 0.000000 1991.454468 0.000000 0.998261 0.000000 -0.058951 0.403770 0.403770 0.403770
"}
object={
	name="rainforest_generator_2_3"
	clamp_to_water_level=no
	render_under_water=no
	generated_content=yes
	layer="semidynamic_medium"
	pdxmesh="tree_rainforest_004_mesh"
	count=37
	transform="149.939957 0.000000 1211.505249 0.000000 0.706022 0.000000 -0.708190 0.332938 0.332938 0.332938
180.288422 0.000000 1207.001953 0.000000 0.631753 0.000000 -0.775169 0.368697 0.368697 0.368697
147.123734 0.000000 1208.861206 0.000000 0.934808 0.000000 -0.355154 0.333810 0.333810 0.333810
147.482361 0.000000 1211.861816 0.000000 0.624891 0.000000 -0.780712 0.369054 0.369054 0.369054
153.919586 0.000000 1221.778564 0.000000 0.868440 0.000000 -0.495795 0.439630 0.439630 0.439630
152.405869 0.000000 1223.224121 0.000000 0.950116 0.000000 -0.311898 0.422569 0.422569 0.422569
153.920868 0.000000 1223.959595 0.000000 0.714223 0.000000 -0.699919 0.455163 0.455163 0.455163
160.597290 0.000000 1215.604004 0.000000 0.658000 0.000000 -0.753018 0.460879 0.460879 0.460879
180.712997 0.000000 1203.076538 0.000000 0.725753 0.000000 -0.687956 0.457958 0.457958 0.457958
214.908966 0.000000 1197.171753 0.000000 0.594587 0.000000 -0.804032 0.313975 0.313975 0.313975
210.279144 0.000000 1193.646362 0.000000 0.700482 0.000000 -0.713670 0.460712 0.460712 0.460712
649.888916 0.000000 1128.468140 0.000000 0.677742 0.000000 -0.735299 0.248397 0.248397 0.248397
697.096802 0.000000 1107.268066 0.000000 0.837269 0.000000 -0.546792 0.378752 0.378752 0.378752
688.299683 0.000000 1109.349609 0.000000 0.933698 0.000000 -0.358060 0.395339 0.395339 0.395339
690.367554 0.000000 1107.832153 0.000000 0.849626 0.000000 -0.527386 0.442439 0.442439 0.442439
447.035522 0.000000 2018.561279 0.000000 0.900297 0.000000 -0.435275 0.348463 0.348463 0.348463
492.084686 0.000000 2007.696899 0.000000 0.929515 0.000000 -0.368783 0.211339 0.211339 0.211339
461.152710 0.000000 2022.184204 0.000000 0.783873 0.000000 -0.620921 0.334406 0.334406 0.334406
496.299652 0.000000 2013.099609 0.000000 0.929166 0.000000 -0.369662 0.331894 0.331894 0.331894
494.152802 0.000000 2010.845581 0.000000 0.729745 0.000000 -0.683720 0.432122 0.432122 0.432122
549.993713 0.000000 1950.032104 0.000000 0.685604 0.000000 -0.727975 0.344909 0.344909 0.344909
550.643494 0.000000 1972.170898 0.000000 0.599009 0.000000 -0.800742 0.266038 0.266038 0.266038
549.593079 0.000000 1962.679443 0.000000 0.657997 0.000000 -0.753021 0.378654 0.378654 0.378654
551.873718 0.000000 1957.256226 0.000000 0.906454 0.000000 -0.422304 0.391398 0.391398 0.391398
548.916992 0.000000 1972.209961 0.000000 0.639950 0.000000 -0.768416 0.338675 0.338675 0.338675
547.246643 0.000000 1966.887207 0.000000 0.713903 0.000000 -0.700245 0.369749 0.369749 0.369749
548.175720 0.000000 1975.383423 0.000000 0.912534 0.000000 -0.409002 0.346045 0.346045 0.346045
553.198730 0.000000 1956.476807 0.000000 0.732655 0.000000 -0.680601 0.431871 0.431871 0.431871
547.060181 0.000000 1974.463623 0.000000 0.934014 0.000000 -0.357237 0.400357 0.400357 0.400357
543.716553 0.000000 1962.240845 0.000000 0.804388 0.000000 -0.594104 0.440657 0.440657 0.440657
549.254944 0.000000 1949.182495 0.000000 0.925734 0.000000 -0.378174 0.427497 0.427497 0.427497
554.433411 0.000000 1961.911133 0.000000 0.904506 0.000000 -0.426461 0.433658 0.433658 0.433658
537.550476 0.000000 1988.554565 0.000000 0.712480 0.000000 -0.701692 0.316358 0.316358 0.316358
546.139526 0.000000 1978.679443 0.000000 0.866597 0.000000 -0.499009 0.331935 0.331935 0.331935
528.763977 0.000000 1992.905151 0.000000 0.932663 0.000000 -0.360748 0.251991 0.251991 0.251991
520.607971 0.000000 1990.788574 0.000000 0.634868 0.000000 -0.772621 0.301593 0.301593 0.301593
519.009460 0.000000 1998.593018 0.000000 0.940657 0.000000 -0.339358 0.365444 0.365444 0.365444
"}
object={
	name="rainforest_generator_2_4"
	clamp_to_water_level=no
	render_under_water=no
	generated_content=yes
	layer="semidynamic_medium"
	pdxmesh="tree_rainforest_005_mesh"
	count=29
	transform="150.690399 0.000000 1214.188843 0.000000 0.490723 0.000000 -0.871316 0.273953 0.273953 0.273953
149.175064 0.000000 1221.389893 0.000000 0.072632 0.000000 -0.997359 0.237486 0.237486 0.237486
163.914368 0.000000 1214.931030 0.000000 0.049346 0.000000 -0.998782 0.371586 0.371586 0.371586
144.015610 0.000000 1219.956177 0.000000 0.014680 0.000000 -0.999892 0.451625 0.451625 0.451625
147.827271 0.000000 1218.673218 0.000000 0.386688 0.000000 -0.922211 0.465017 0.465017 0.465017
180.518738 0.000000 1205.253052 0.000000 0.141947 0.000000 -0.989874 0.509119 0.509119 0.509119
187.891251 0.000000 1204.822632 0.000000 0.213678 0.000000 -0.976904 0.503549 0.503549 0.503549
214.295105 0.000000 1193.645020 0.000000 0.340379 0.000000 -0.940288 0.370048 0.370048 0.370048
192.668579 0.000000 1203.942261 0.000000 0.155999 0.000000 -0.987757 0.419294 0.419294 0.419294
214.760544 0.000000 1195.376343 0.000000 0.540553 0.000000 -0.841310 0.389455 0.389455 0.389455
195.693176 0.000000 1201.184326 0.000000 0.010647 0.000000 -0.999943 0.519187 0.519187 0.519187
193.854553 0.000000 1201.615234 0.000000 0.389429 0.000000 -0.921056 0.489441 0.489441 0.489441
238.579575 0.000000 1188.838135 0.000000 0.375182 0.000000 -0.926951 0.490619 0.490619 0.490619
695.033203 0.000000 1111.651001 0.000000 0.444048 0.000000 -0.896003 0.294632 0.294632 0.294632
644.256348 0.000000 1128.718872 0.000000 0.076174 0.000000 -0.997095 0.351509 0.351509 0.351509
691.138062 0.000000 1105.215332 0.000000 0.532566 0.000000 -0.846388 0.376583 0.376583 0.376583
690.554443 0.000000 1110.447144 0.000000 0.526230 0.000000 -0.850342 0.465990 0.465990 0.465990
459.346924 0.000000 2024.917114 0.000000 0.198689 0.000000 -0.980062 0.240070 0.240070 0.240070
492.435272 0.000000 2012.928223 0.000000 0.413106 0.000000 -0.910683 0.291164 0.291164 0.291164
494.922760 0.000000 2012.274414 0.000000 0.251633 0.000000 -0.967823 0.393979 0.393979 0.393979
553.423401 0.000000 1952.890991 0.000000 0.321938 0.000000 -0.946761 0.281863 0.281863 0.281863
551.866577 0.000000 1962.172363 0.000000 0.406194 0.000000 -0.913787 0.208056 0.208056 0.208056
556.932007 0.000000 1957.657349 0.000000 0.125965 0.000000 -0.992035 0.497730 0.497730 0.497730
547.174561 0.000000 1959.942139 0.000000 0.253615 0.000000 -0.967305 0.492864 0.492864 0.492864
534.908936 0.000000 1987.953003 0.000000 0.409794 0.000000 -0.912178 0.285581 0.285581 0.285581
533.555786 0.000000 1992.718872 0.000000 0.231587 0.000000 -0.972814 0.323698 0.323698 0.323698
530.442932 0.000000 1993.332275 0.000000 0.471438 0.000000 -0.881899 0.421948 0.421948 0.421948
537.454407 0.000000 1986.061768 0.000000 0.458321 0.000000 -0.888787 0.482535 0.482535 0.482535
534.291138 0.000000 1991.797852 0.000000 0.341766 0.000000 -0.939785 0.493354 0.493354 0.493354
"}
