object={
	name="rainforest_generator_3_0"
	clamp_to_water_level=no
	render_under_water=no
	generated_content=yes
	layer="semidynamic_high"
	pdxmesh="tree_rainforest_001_mesh"
	count=71
	transform="179.915558 0.000000 1198.213135 0.000000 0.517556 0.000000 0.855650 0.193207 0.193207 0.193207
190.188843 0.000000 1201.246460 0.000000 0.572098 0.000000 0.820185 0.201640 0.201640 0.201640
152.466690 0.000000 1212.695923 0.000000 0.440927 0.000000 0.897543 0.215875 0.215875 0.215875
144.326904 0.000000 1208.838867 0.000000 0.561192 0.000000 0.827686 0.211643 0.211643 0.211643
162.717056 0.000000 1211.534912 0.000000 0.404379 0.000000 0.914592 0.218708 0.218708 0.218708
151.405151 0.000000 1215.541016 0.000000 0.562575 0.000000 0.826746 0.234147 0.234147 0.234147
158.551743 0.000000 1220.926758 0.000000 0.294821 0.000000 0.955552 0.274357 0.274357 0.274357
162.885468 0.000000 1215.756592 0.000000 0.587092 0.000000 0.809520 0.283296 0.283296 0.283296
148.351120 0.000000 1209.236328 0.000000 0.429683 0.000000 0.902980 0.261316 0.261316 0.261316
151.879364 0.000000 1213.784912 0.000000 0.523268 0.000000 0.852168 0.271775 0.271775 0.271775
159.106857 0.000000 1214.522461 0.000000 0.268380 0.000000 0.963313 0.305645 0.305645 0.305645
161.302856 0.000000 1213.912109 0.000000 0.163596 0.000000 0.986528 0.305546 0.305546 0.305546
155.130814 0.000000 1218.572876 0.000000 0.109380 0.000000 0.994000 0.285539 0.285539 0.285539
139.257462 0.000000 1218.102173 0.000000 0.558201 0.000000 0.829705 0.303978 0.303978 0.303978
162.365082 0.000000 1213.466797 0.000000 0.199861 0.000000 0.979824 0.302882 0.302882 0.302882
144.411850 0.000000 1217.246948 0.000000 0.326281 0.000000 0.945273 0.305391 0.305391 0.305391
186.895432 0.000000 1203.327881 0.000000 0.183880 0.000000 0.982949 0.294128 0.294128 0.294128
180.922165 0.000000 1204.474121 0.000000 0.432828 0.000000 0.901477 0.314196 0.314196 0.314196
148.642319 0.000000 1218.979736 0.000000 0.572339 0.000000 0.820017 0.334712 0.334712 0.334712
146.358032 0.000000 1216.855347 0.000000 0.085640 0.000000 0.996326 0.286550 0.286550 0.286550
182.597794 0.000000 1203.901245 0.000000 0.496682 0.000000 0.867933 0.319708 0.319708 0.319708
155.438431 0.000000 1210.562744 0.000000 0.220151 0.000000 0.975466 0.309753 0.309753 0.309753
188.613297 0.000000 1205.382446 0.000000 0.257252 0.000000 0.966344 0.299876 0.299876 0.299876
140.131760 0.000000 1216.649414 0.000000 0.512919 0.000000 0.858437 0.321145 0.321145 0.321145
151.461472 0.000000 1220.641846 0.000000 0.120257 0.000000 0.992743 0.301881 0.301881 0.301881
181.019501 0.000000 1205.876465 0.000000 0.279853 0.000000 0.960043 0.301669 0.301669 0.301669
158.600555 0.000000 1217.057617 0.000000 0.407567 0.000000 0.913175 0.315518 0.315518 0.315518
187.111816 0.000000 1200.472534 0.000000 0.091685 0.000000 0.995788 0.287014 0.287014 0.287014
240.601685 0.000000 1191.014160 0.000000 0.299318 0.000000 0.954154 0.219373 0.219373 0.219373
192.006424 0.000000 1202.935425 0.000000 0.040712 0.000000 0.999171 0.281150 0.281150 0.281150
193.134125 0.000000 1202.768311 0.000000 0.203290 0.000000 0.979119 0.288844 0.288844 0.288844
197.391296 0.000000 1199.797119 0.000000 0.542782 0.000000 0.839873 0.332045 0.332045 0.332045
211.207077 0.000000 1193.561035 0.000000 0.166823 0.000000 0.985987 0.292804 0.292804 0.292804
212.594574 0.000000 1192.215088 0.000000 0.552379 0.000000 0.833593 0.324707 0.324707 0.324707
209.662399 0.000000 1192.225098 0.000000 0.073345 0.000000 0.997307 0.291216 0.291216 0.291216
196.341843 0.000000 1201.648193 0.000000 0.441677 0.000000 0.897174 0.314948 0.314948 0.314948
695.635620 0.000000 1105.486572 0.000000 0.485571 0.000000 0.874197 0.267185 0.267185 0.267185
693.815125 0.000000 1103.578247 0.000000 0.149527 0.000000 0.988758 0.293288 0.293288 0.293288
696.393433 0.000000 1106.345703 0.000000 0.148941 0.000000 0.988846 0.285657 0.285657 0.285657
693.956604 0.000000 1111.738037 0.000000 0.456255 0.000000 0.889849 0.327149 0.327149 0.327149
644.047668 0.000000 1127.651733 0.000000 0.031378 0.000000 0.999508 0.282397 0.282397 0.282397
691.284790 0.000000 1107.486450 0.000000 0.038900 0.000000 0.999243 0.282973 0.282973 0.282973
691.015015 0.000000 1111.605835 0.000000 0.578144 0.000000 0.815935 0.338053 0.338053 0.338053
644.622681 0.000000 1125.491455 0.000000 0.271312 0.000000 0.962491 0.313609 0.313609 0.313609
647.251465 0.000000 1127.955322 0.000000 0.309944 0.000000 0.950755 0.304074 0.304074 0.304074
498.367554 0.000000 2011.582153 0.000000 0.398141 0.000000 0.917324 0.278449 0.278449 0.278449
458.654694 0.000000 2023.245728 0.000000 0.039295 0.000000 0.999228 0.298231 0.298231 0.298231
495.074860 0.000000 2011.205078 0.000000 0.327929 0.000000 0.944702 0.314663 0.314663 0.314663
492.670868 0.000000 2011.710938 0.000000 0.355864 0.000000 0.934538 0.307795 0.307795 0.307795
556.877319 0.000000 1954.255737 0.000000 0.450563 0.000000 0.892745 0.191323 0.191323 0.191323
548.176453 0.000000 1964.488403 0.000000 0.318945 0.000000 0.947773 0.189889 0.189889 0.189889
544.929749 0.000000 1976.946289 0.000000 0.321668 0.000000 0.946853 0.203589 0.203589 0.203589
544.219360 0.000000 1966.624390 0.000000 0.409242 0.000000 0.912426 0.246355 0.246355 0.246355
551.991211 0.000000 1953.360352 0.000000 0.433685 0.000000 0.901064 0.248644 0.248644 0.248644
546.885498 0.000000 1950.053467 0.000000 0.209163 0.000000 0.977881 0.270396 0.270396 0.270396
548.714233 0.000000 1950.146973 0.000000 0.313245 0.000000 0.949672 0.271517 0.271517 0.271517
548.053589 0.000000 1946.510986 0.000000 0.522250 0.000000 0.852792 0.319602 0.319602 0.319602
550.864319 0.000000 1957.846313 0.000000 0.121195 0.000000 0.992629 0.292935 0.292935 0.292935
548.245667 0.000000 1948.099609 0.000000 0.020551 0.000000 0.999789 0.290085 0.290085 0.290085
553.350952 0.000000 1959.207886 0.000000 0.013564 0.000000 0.999908 0.285221 0.285221 0.285221
546.365112 0.000000 1947.763672 0.000000 0.550989 0.000000 0.834512 0.330102 0.330102 0.330102
546.259399 0.000000 1966.447021 0.000000 0.486268 0.000000 0.873810 0.292729 0.292729 0.292729
541.975464 0.000000 1965.810791 0.000000 0.402419 0.000000 0.915456 0.309558 0.309558 0.309558
546.106750 0.000000 1955.406128 0.000000 0.500954 0.000000 0.865474 0.324002 0.324002 0.324002
554.983765 0.000000 1963.360962 0.000000 0.057239 0.000000 0.998361 0.284375 0.284375 0.284375
538.002258 0.000000 1990.988525 0.000000 0.078093 0.000000 0.996946 0.202008 0.202008 0.202008
531.793152 0.000000 1993.620728 0.000000 0.016769 0.000000 0.999859 0.286429 0.286429 0.286429
534.981201 0.000000 1990.211182 0.000000 0.004682 0.000000 0.999989 0.280358 0.280358 0.280358
521.038330 0.000000 1992.814087 0.000000 0.014296 0.000000 0.999898 0.296247 0.296247 0.296247
536.142090 0.000000 1986.333252 0.000000 0.142320 0.000000 0.989821 0.292336 0.292336 0.292336
521.986633 0.000000 1993.145264 0.000000 0.491495 0.000000 0.870880 0.329543 0.329543 0.329543
"}
object={
	name="rainforest_generator_3_1"
	clamp_to_water_level=no
	render_under_water=no
	generated_content=yes
	layer="semidynamic_high"
	pdxmesh="tree_rainforest_002_mesh"
	count=61
	transform="182.075089 0.000000 1207.716919 0.000000 0.775395 0.000000 0.631477 0.219600 0.219600 0.219600
185.361084 0.000000 1198.961182 0.000000 0.829470 0.000000 0.558551 0.225895 0.225895 0.225895
134.067078 0.000000 1219.307373 0.000000 0.733188 0.000000 0.680026 0.214804 0.214804 0.214804
153.071655 0.000000 1219.535889 0.000000 0.896707 0.000000 0.442624 0.311312 0.311312 0.311312
147.671860 0.000000 1214.906616 0.000000 0.614248 0.000000 0.789113 0.313402 0.313402 0.313402
179.522552 0.000000 1202.858276 0.000000 0.741153 0.000000 0.671336 0.271981 0.271981 0.271981
140.303665 0.000000 1215.126221 0.000000 0.915505 0.000000 0.402307 0.270404 0.270404 0.270404
150.202759 0.000000 1223.699585 0.000000 0.720523 0.000000 0.693431 0.303451 0.303451 0.303451
155.132965 0.000000 1220.550659 0.000000 0.943286 0.000000 0.331980 0.374148 0.374148 0.374148
186.765259 0.000000 1205.309326 0.000000 0.932799 0.000000 0.360398 0.371834 0.371834 0.371834
141.947723 0.000000 1216.616333 0.000000 0.901129 0.000000 0.433552 0.365742 0.365742 0.365742
182.999237 0.000000 1202.081421 0.000000 0.618635 0.000000 0.785679 0.330955 0.330955 0.330955
158.146606 0.000000 1218.509399 0.000000 0.778126 0.000000 0.628108 0.354901 0.354901 0.354901
161.530518 0.000000 1215.240479 0.000000 0.794423 0.000000 0.607365 0.353394 0.353394 0.353394
182.947968 0.000000 1205.599243 0.000000 0.785496 0.000000 0.618866 0.349022 0.349022 0.349022
184.222214 0.000000 1200.876465 0.000000 0.949312 0.000000 0.314336 0.375572 0.375572 0.375572
156.157288 0.000000 1218.831299 0.000000 0.938836 0.000000 0.344365 0.374284 0.374284 0.374284
159.766464 0.000000 1217.955078 0.000000 0.923279 0.000000 0.384130 0.371062 0.371062 0.371062
188.463745 0.000000 1203.065430 0.000000 0.605996 0.000000 0.795468 0.329734 0.329734 0.329734
157.713547 0.000000 1219.659912 0.000000 0.883162 0.000000 0.469068 0.364286 0.364286 0.364286
150.028961 0.000000 1221.711060 0.000000 0.894899 0.000000 0.446268 0.368703 0.368703 0.368703
185.677277 0.000000 1200.178833 0.000000 0.843496 0.000000 0.537136 0.356682 0.356682 0.356682
150.842789 0.000000 1221.881836 0.000000 0.938911 0.000000 0.344160 0.376229 0.376229 0.376229
152.401794 0.000000 1220.199707 0.000000 0.779297 0.000000 0.626655 0.348262 0.348262 0.348262
147.725861 0.000000 1217.853027 0.000000 0.768398 0.000000 0.639972 0.346947 0.346947 0.346947
183.637466 0.000000 1202.557739 0.000000 0.694400 0.000000 0.719589 0.338639 0.338639 0.338639
211.362656 0.000000 1194.483521 0.000000 0.916337 0.000000 0.400408 0.252271 0.252271 0.252271
197.821167 0.000000 1203.778076 0.000000 0.821551 0.000000 0.570136 0.238412 0.238412 0.238412
240.982697 0.000000 1189.602905 0.000000 0.588506 0.000000 0.808493 0.304881 0.304881 0.304881
215.642410 0.000000 1193.590942 0.000000 0.904880 0.000000 0.425667 0.307192 0.307192 0.307192
214.916000 0.000000 1192.417969 0.000000 0.757802 0.000000 0.652485 0.296944 0.296944 0.296944
195.206024 0.000000 1203.230225 0.000000 0.805785 0.000000 0.592208 0.357436 0.357436 0.357436
193.544342 0.000000 1199.652832 0.000000 0.594864 0.000000 0.803826 0.340093 0.340093 0.340093
196.447159 0.000000 1199.517700 0.000000 0.697311 0.000000 0.716768 0.345533 0.345533 0.345533
237.051834 0.000000 1189.547485 0.000000 0.678215 0.000000 0.734864 0.336939 0.336939 0.336939
696.056152 0.000000 1107.809326 0.000000 0.594587 0.000000 0.804031 0.308339 0.308339 0.308339
691.446045 0.000000 1104.147583 0.000000 0.769502 0.000000 0.638644 0.306479 0.306479 0.306479
692.131287 0.000000 1102.478027 0.000000 0.649666 0.000000 0.760219 0.321950 0.321950 0.321950
690.162048 0.000000 1105.703003 0.000000 0.599512 0.000000 0.800366 0.296792 0.296792 0.296792
647.513855 0.000000 1126.789917 0.000000 0.805759 0.000000 0.592244 0.351578 0.351578 0.351578
693.153809 0.000000 1102.826660 0.000000 0.873727 0.000000 0.486417 0.340250 0.340250 0.340250
689.139526 0.000000 1108.889160 0.000000 0.686278 0.000000 0.727340 0.330894 0.330894 0.330894
447.099701 0.000000 2019.914307 0.000000 0.895979 0.000000 0.444096 0.312211 0.312211 0.312211
501.815125 0.000000 2007.328247 0.000000 0.653809 0.000000 0.756659 0.262300 0.262300 0.262300
493.612549 0.000000 2009.936401 0.000000 0.819610 0.000000 0.572922 0.359639 0.359639 0.359639
544.506104 0.000000 1965.126587 0.000000 0.620156 0.000000 0.784478 0.197599 0.197599 0.197599
552.273132 0.000000 1970.684326 0.000000 0.869927 0.000000 0.493181 0.206855 0.206855 0.206855
553.330017 0.000000 1961.630493 0.000000 0.940158 0.000000 0.340739 0.255706 0.255706 0.255706
546.075500 0.000000 1951.730103 0.000000 0.869397 0.000000 0.494115 0.301429 0.301429 0.301429
549.203613 0.000000 1974.707153 0.000000 0.946150 0.000000 0.323728 0.316398 0.316398 0.316398
547.812500 0.000000 1957.870850 0.000000 0.898295 0.000000 0.439393 0.294943 0.294943 0.294943
549.796326 0.000000 1952.911743 0.000000 0.714529 0.000000 0.699606 0.349898 0.349898 0.349898
541.235718 0.000000 1964.753662 0.000000 0.939789 0.000000 0.341756 0.352380 0.352380 0.352380
547.156921 0.000000 1948.431885 0.000000 0.947514 0.000000 0.319715 0.336671 0.336671 0.336671
546.680298 0.000000 1975.457886 0.000000 0.736302 0.000000 0.676653 0.338075 0.338075 0.338075
547.696899 0.000000 1958.946289 0.000000 0.908775 0.000000 0.417286 0.369587 0.369587 0.369587
546.335754 0.000000 1959.834595 0.000000 0.737682 0.000000 0.675148 0.347635 0.347635 0.347635
521.808472 0.000000 1999.311401 0.000000 0.692790 0.000000 0.721140 0.276097 0.276097 0.276097
549.877441 0.000000 1977.007080 0.000000 0.724964 0.000000 0.688786 0.265887 0.265887 0.265887
537.134949 0.000000 1989.693848 0.000000 0.940967 0.000000 0.338498 0.283434 0.283434 0.283434
534.499634 0.000000 1993.256958 0.000000 0.828441 0.000000 0.560076 0.345550 0.345550 0.345550
"}
object={
	name="rainforest_generator_3_2"
	clamp_to_water_level=no
	render_under_water=no
	generated_content=yes
	layer="semidynamic_high"
	pdxmesh="tree_rainforest_003_mesh"
	count=74
	transform="159.429199 0.000000 1210.099976 0.000000 0.982727 0.000000 0.185059 0.228024 0.228024 0.228024
149.358139 0.000000 1210.064575 0.000000 0.996824 0.000000 0.079634 0.304376 0.304376 0.304376
150.790405 0.000000 1212.700684 0.000000 0.976170 0.000000 0.217009 0.297688 0.297688 0.297688
186.513321 0.000000 1199.868286 0.000000 0.992413 0.000000 0.122953 0.275836 0.275836 0.275836
159.658905 0.000000 1221.705566 0.000000 0.999685 0.000000 0.025082 0.320637 0.320637 0.320637
161.384155 0.000000 1211.595337 0.000000 0.977951 0.000000 -0.208836 0.334142 0.334142 0.334142
146.772293 0.000000 1210.851318 0.000000 0.987468 0.000000 -0.157821 0.339192 0.339192 0.339192
138.753098 0.000000 1219.035034 0.000000 0.992791 0.000000 0.119860 0.342998 0.342998 0.342998
181.369659 0.000000 1206.602905 0.000000 0.999695 0.000000 0.024690 0.331773 0.331773 0.331773
152.987808 0.000000 1218.048218 0.000000 0.996949 0.000000 -0.078053 0.332496 0.332496 0.332496
185.927460 0.000000 1204.499023 0.000000 0.999129 0.000000 -0.041732 0.403189 0.403189 0.403189
152.777008 0.000000 1222.225342 0.000000 0.966759 0.000000 0.255690 0.381603 0.381603 0.381603
139.892441 0.000000 1219.961182 0.000000 0.999834 0.000000 0.018224 0.347631 0.347631 0.347631
139.204361 0.000000 1217.122681 0.000000 0.984655 0.000000 -0.174512 0.377789 0.377789 0.377789
183.181061 0.000000 1200.999878 0.000000 0.999045 0.000000 0.043692 0.396661 0.396661 0.396661
151.602234 0.000000 1221.467163 0.000000 0.979586 0.000000 -0.201027 0.413694 0.413694 0.413694
162.414444 0.000000 1212.442993 0.000000 0.952783 0.000000 -0.303652 0.397166 0.397166 0.397166
189.539185 0.000000 1204.381226 0.000000 0.997822 0.000000 -0.065963 0.405043 0.405043 0.405043
158.988785 0.000000 1215.465698 0.000000 0.973481 0.000000 0.228769 0.364808 0.364808 0.364808
160.735657 0.000000 1212.373779 0.000000 0.957064 0.000000 0.289876 0.380249 0.380249 0.380249
146.355927 0.000000 1219.576294 0.000000 0.988552 0.000000 0.150879 0.384020 0.384020 0.384020
155.579895 0.000000 1211.979736 0.000000 0.998570 0.000000 0.053467 0.396421 0.396421 0.396421
184.559235 0.000000 1203.920288 0.000000 0.998027 0.000000 0.062788 0.395200 0.395200 0.395200
181.462067 0.000000 1201.779907 0.000000 0.998733 0.000000 -0.050313 0.403845 0.403845 0.403845
150.185059 0.000000 1218.861328 0.000000 0.999141 0.000000 0.041431 0.397082 0.397082 0.397082
186.057770 0.000000 1201.779785 0.000000 0.974613 0.000000 -0.223897 0.417251 0.417251 0.417251
146.134125 0.000000 1217.712769 0.000000 0.990236 0.000000 -0.139398 0.410684 0.410684 0.410684
144.729126 0.000000 1217.959229 0.000000 0.999963 0.000000 -0.008582 0.400656 0.400656 0.400656
192.041138 0.000000 1199.731079 0.000000 0.999990 0.000000 -0.004565 0.400293 0.400293 0.400293
192.017761 0.000000 1200.907837 0.000000 0.958169 0.000000 0.286203 0.377826 0.377826 0.377826
215.302979 0.000000 1194.531494 0.000000 0.986229 0.000000 -0.165384 0.352470 0.352470 0.352470
240.112671 0.000000 1188.183105 0.000000 0.999106 0.000000 0.042282 0.345432 0.345432 0.345432
236.436050 0.000000 1188.661621 0.000000 0.965140 0.000000 0.261735 0.379769 0.379769 0.379769
237.917831 0.000000 1189.543701 0.000000 0.997499 0.000000 0.070675 0.394596 0.394596 0.394596
197.907471 0.000000 1198.487183 0.000000 0.964087 0.000000 0.265588 0.381679 0.381679 0.381679
196.397125 0.000000 1198.358154 0.000000 0.974216 0.000000 0.225619 0.384489 0.384489 0.384489
212.720078 0.000000 1193.065186 0.000000 0.996113 0.000000 0.088083 0.393262 0.393262 0.393262
211.292130 0.000000 1192.423828 0.000000 0.981734 0.000000 -0.190260 0.414624 0.414624 0.414624
213.559937 0.000000 1193.350830 0.000000 0.988934 0.000000 0.148355 0.388625 0.388625 0.388625
697.621643 0.000000 1106.093872 0.000000 0.951837 0.000000 -0.306604 0.366327 0.366327 0.366327
693.738953 0.000000 1105.828247 0.000000 0.973432 0.000000 0.228975 0.296242 0.296242 0.296242
692.749023 0.000000 1111.512207 0.000000 0.999150 0.000000 -0.041228 0.402739 0.402739 0.402739
647.689575 0.000000 1128.615356 0.000000 0.971356 0.000000 -0.237630 0.415933 0.415933 0.415933
645.970703 0.000000 1126.875000 0.000000 0.960914 0.000000 0.276848 0.378570 0.378570 0.378570
645.380798 0.000000 1129.845581 0.000000 0.996609 0.000000 0.082283 0.301003 0.301003 0.301003
498.278534 0.000000 2007.661987 0.000000 0.964405 0.000000 -0.264431 0.202472 0.202472 0.202472
499.138062 0.000000 2008.965332 0.000000 0.999997 0.000000 0.002454 0.284528 0.284528 0.284528
462.024780 0.000000 2024.265991 0.000000 0.960968 0.000000 0.276658 0.354999 0.354999 0.354999
463.009338 0.000000 2025.441284 0.000000 0.996516 0.000000 -0.083400 0.374141 0.374141 0.374141
493.105652 0.000000 2008.038696 0.000000 0.965484 0.000000 0.260463 0.382567 0.382567 0.382567
464.779419 0.000000 2025.190063 0.000000 0.984475 0.000000 0.175524 0.373066 0.373066 0.373066
464.068848 0.000000 2022.021240 0.000000 0.991136 0.000000 -0.132854 0.410179 0.410179 0.410179
550.210144 0.000000 1953.968628 0.000000 0.997961 0.000000 0.063833 0.275151 0.275151 0.275151
555.314514 0.000000 1965.654175 0.000000 0.957385 0.000000 -0.288815 0.268514 0.268514 0.268514
548.342896 0.000000 1963.175903 0.000000 0.995809 0.000000 -0.091456 0.345702 0.345702 0.345702
550.615479 0.000000 1965.845825 0.000000 0.996307 0.000000 -0.085858 0.342006 0.342006 0.342006
549.444458 0.000000 1963.900513 0.000000 0.970447 0.000000 0.241314 0.331184 0.331184 0.331184
547.721069 0.000000 1965.666626 0.000000 0.999716 0.000000 0.023814 0.287292 0.287292 0.287292
548.230347 0.000000 1952.231689 0.000000 0.991529 0.000000 -0.129888 0.408422 0.408422 0.408422
550.974487 0.000000 1956.557617 0.000000 0.983019 0.000000 0.183506 0.358989 0.358989 0.358989
542.356323 0.000000 1963.152710 0.000000 0.965429 0.000000 -0.260667 0.416854 0.416854 0.416854
546.153198 0.000000 1963.122559 0.000000 0.956752 0.000000 -0.290903 0.385279 0.385279 0.385279
556.776245 0.000000 1959.772827 0.000000 0.992616 0.000000 -0.121298 0.407893 0.407893 0.407893
546.414429 0.000000 1946.739868 0.000000 0.999999 0.000000 -0.001159 0.388864 0.388864 0.388864
548.628357 0.000000 1947.260132 0.000000 0.999796 0.000000 0.020185 0.374248 0.374248 0.374248
556.987244 0.000000 1961.962769 0.000000 0.957364 0.000000 -0.288886 0.419828 0.419828 0.419828
555.623718 0.000000 1960.830811 0.000000 0.953842 0.000000 0.300310 0.376698 0.376698 0.376698
554.807678 0.000000 1960.046753 0.000000 0.974434 0.000000 0.224674 0.382688 0.382688 0.382688
547.737915 0.000000 1976.070679 0.000000 0.961570 0.000000 0.274559 0.378752 0.378752 0.378752
532.947632 0.000000 1991.582886 0.000000 0.993819 0.000000 0.111017 0.348801 0.348801 0.348801
547.340759 0.000000 1978.208252 0.000000 0.999237 0.000000 -0.039063 0.315087 0.315087 0.315087
535.253296 0.000000 1993.937134 0.000000 0.996891 0.000000 -0.078790 0.383111 0.383111 0.383111
520.330933 0.000000 1993.752686 0.000000 0.995905 0.000000 -0.090402 0.406034 0.406034 0.406034
536.985718 0.000000 1990.648193 0.000000 0.983471 0.000000 -0.181067 0.411637 0.411637 0.411637
"}
object={
	name="rainforest_generator_3_3"
	clamp_to_water_level=no
	render_under_water=no
	generated_content=yes
	layer="semidynamic_high"
	pdxmesh="tree_rainforest_004_mesh"
	count=57
	transform="158.632431 0.000000 1213.482056 0.000000 0.662991 0.000000 -0.748627 0.285816 0.285816 0.285816
145.019211 0.000000 1214.789429 0.000000 0.732286 0.000000 -0.680998 0.291540 0.291540 0.291540
141.583359 0.000000 1218.940796 0.000000 0.940315 0.000000 -0.340306 0.351800 0.351800 0.351800
137.015686 0.000000 1218.153931 0.000000 0.925081 0.000000 -0.379770 0.297574 0.297574 0.297574
160.511597 0.000000 1217.169189 0.000000 0.889169 0.000000 -0.457579 0.320130 0.320130 0.320130
157.621185 0.000000 1223.319336 0.000000 0.866121 0.000000 -0.499834 0.384077 0.384077 0.384077
188.908768 0.000000 1201.107666 0.000000 0.887380 0.000000 -0.461039 0.344480 0.344480 0.344480
148.673676 0.000000 1211.525146 0.000000 0.590826 0.000000 -0.806799 0.337940 0.337940 0.337940
138.195770 0.000000 1216.506470 0.000000 0.684894 0.000000 -0.728643 0.411262 0.411262 0.411262
154.425644 0.000000 1219.571777 0.000000 0.928024 0.000000 -0.372521 0.373376 0.373376 0.373376
182.398209 0.000000 1200.228516 0.000000 0.949448 0.000000 -0.313926 0.424395 0.424395 0.424395
184.404938 0.000000 1205.655151 0.000000 0.709112 0.000000 -0.705096 0.459783 0.459783 0.459783
150.996170 0.000000 1219.048706 0.000000 0.949981 0.000000 -0.312307 0.422361 0.422361 0.422361
149.633072 0.000000 1216.341553 0.000000 0.754705 0.000000 -0.656064 0.454667 0.454667 0.454667
141.019836 0.000000 1218.056641 0.000000 0.894188 0.000000 -0.447692 0.356699 0.356699 0.356699
181.308319 0.000000 1200.924683 0.000000 0.918268 0.000000 -0.395959 0.431101 0.431101 0.431101
183.509903 0.000000 1203.894043 0.000000 0.948699 0.000000 -0.316181 0.424576 0.424576 0.424576
156.632919 0.000000 1219.648315 0.000000 0.833202 0.000000 -0.552969 0.442860 0.442860 0.442860
142.439484 0.000000 1218.454712 0.000000 0.776989 0.000000 -0.629514 0.408350 0.408350 0.408350
156.167114 0.000000 1220.480347 0.000000 0.823842 0.000000 -0.566819 0.444082 0.444082 0.444082
154.852707 0.000000 1221.453979 0.000000 0.903397 0.000000 -0.428805 0.433856 0.433856 0.433856
142.748734 0.000000 1217.299194 0.000000 0.827767 0.000000 -0.561072 0.445507 0.445507 0.445507
156.703583 0.000000 1221.235352 0.000000 0.899702 0.000000 -0.436505 0.433042 0.433042 0.433042
159.390579 0.000000 1217.092163 0.000000 0.924929 0.000000 -0.380141 0.428622 0.428622 0.428622
149.834000 0.000000 1214.474976 0.000000 0.885958 0.000000 -0.463765 0.436840 0.436840 0.436840
147.692337 0.000000 1216.981323 0.000000 0.898242 0.000000 -0.439502 0.434763 0.434763 0.434763
189.281616 0.000000 1203.350586 0.000000 0.700395 0.000000 -0.713755 0.460722 0.460722 0.460722
145.259018 0.000000 1216.526733 0.000000 0.924049 0.000000 -0.382275 0.429966 0.429966 0.429966
153.893127 0.000000 1210.799194 0.000000 0.676666 0.000000 -0.736290 0.458057 0.458057 0.458057
189.891312 0.000000 1202.048828 0.000000 0.742648 0.000000 -0.669682 0.456057 0.456057 0.456057
149.379684 0.000000 1219.394775 0.000000 0.791465 0.000000 -0.611215 0.444655 0.444655 0.444655
182.117691 0.000000 1203.253662 0.000000 0.889808 0.000000 -0.456336 0.436201 0.436201 0.436201
211.069702 0.000000 1191.200317 0.000000 0.902074 0.000000 -0.431581 0.278005 0.278005 0.278005
213.880768 0.000000 1194.674316 0.000000 0.782749 0.000000 -0.622337 0.364037 0.364037 0.364037
209.132782 0.000000 1193.895508 0.000000 0.762800 0.000000 -0.646635 0.451085 0.451085 0.451085
193.715973 0.000000 1200.662109 0.000000 0.598756 0.000000 -0.800931 0.470959 0.470959 0.470959
647.561584 0.000000 1124.177002 0.000000 0.741445 0.000000 -0.671014 0.241833 0.241833 0.241833
689.077454 0.000000 1105.591064 0.000000 0.941545 0.000000 -0.336888 0.221656 0.221656 0.221656
643.034729 0.000000 1127.361450 0.000000 0.886470 0.000000 -0.462786 0.270092 0.270092 0.270092
689.624817 0.000000 1106.626587 0.000000 0.821205 0.000000 -0.570634 0.441693 0.441693 0.441693
691.516724 0.000000 1106.120972 0.000000 0.874803 0.000000 -0.484479 0.438638 0.438638 0.438638
692.507324 0.000000 1110.634644 0.000000 0.726308 0.000000 -0.687370 0.450328 0.450328 0.450328
495.812775 0.000000 2009.057617 0.000000 0.802993 0.000000 -0.595989 0.332009 0.332009 0.332009
495.941315 0.000000 2011.572510 0.000000 0.874913 0.000000 -0.484280 0.417522 0.417522 0.417522
495.137756 0.000000 2013.432617 0.000000 0.628024 0.000000 -0.778194 0.376043 0.376043 0.376043
460.609039 0.000000 2024.964844 0.000000 0.841193 0.000000 -0.540735 0.358547 0.358547 0.358547
462.976868 0.000000 2024.486572 0.000000 0.930692 0.000000 -0.365805 0.389453 0.389453 0.389453
555.631287 0.000000 1964.018677 0.000000 0.732004 0.000000 -0.681300 0.278375 0.278375 0.278375
547.633667 0.000000 1953.542603 0.000000 0.908282 0.000000 -0.418358 0.374474 0.374474 0.374474
546.898071 0.000000 1967.844482 0.000000 0.811827 0.000000 -0.583898 0.363373 0.363373 0.363373
550.106384 0.000000 1951.041016 0.000000 0.765178 0.000000 -0.643819 0.421938 0.421938 0.421938
556.662048 0.000000 1960.634277 0.000000 0.588284 0.000000 -0.808654 0.463723 0.463723 0.463723
553.729980 0.000000 1962.312012 0.000000 0.893001 0.000000 -0.450055 0.435663 0.435663 0.435663
534.760559 0.000000 1986.157593 0.000000 0.762603 0.000000 -0.646866 0.276080 0.276080 0.276080
547.260010 0.000000 1979.517578 0.000000 0.903911 0.000000 -0.427720 0.329130 0.329130 0.329130
530.842102 0.000000 1992.328003 0.000000 0.871661 0.000000 -0.490109 0.392741 0.392741 0.392741
535.796631 0.000000 1991.781250 0.000000 0.859634 0.000000 -0.510910 0.440966 0.440966 0.440966
"}
object={
	name="rainforest_generator_3_4"
	clamp_to_water_level=no
	render_under_water=no
	generated_content=yes
	layer="semidynamic_high"
	pdxmesh="tree_rainforest_005_mesh"
	count=44
	transform="162.022720 0.000000 1208.207642 0.000000 0.242808 0.000000 -0.970074 0.256318 0.256318 0.256318
141.189331 0.000000 1214.212524 0.000000 0.544789 0.000000 -0.838573 0.307246 0.307246 0.307246
160.531952 0.000000 1209.359497 0.000000 0.183774 0.000000 -0.982969 0.308467 0.308467 0.308467
160.286148 0.000000 1211.050049 0.000000 0.463240 0.000000 -0.886233 0.367941 0.367941 0.367941
143.281418 0.000000 1218.978027 0.000000 0.472242 0.000000 -0.881469 0.429605 0.429605 0.429605
153.184998 0.000000 1220.521606 0.000000 0.487186 0.000000 -0.873298 0.481126 0.481126 0.481126
187.777420 0.000000 1203.699707 0.000000 0.548848 0.000000 -0.835922 0.475616 0.475616 0.475616
141.069885 0.000000 1217.169556 0.000000 0.262838 0.000000 -0.964840 0.499682 0.499682 0.499682
186.360474 0.000000 1200.733765 0.000000 0.217926 0.000000 -0.975965 0.503217 0.503217 0.503217
143.676163 0.000000 1216.816895 0.000000 0.347772 0.000000 -0.937579 0.492865 0.492865 0.492865
149.157227 0.000000 1215.130737 0.000000 0.131952 0.000000 -0.991256 0.509890 0.509890 0.509890
150.695374 0.000000 1211.885498 0.000000 0.483943 0.000000 -0.875100 0.477152 0.477152 0.477152
184.761169 0.000000 1201.529175 0.000000 0.169410 0.000000 -0.985546 0.506995 0.506995 0.506995
151.223602 0.000000 1210.844604 0.000000 0.272143 0.000000 -0.962257 0.493771 0.493771 0.493771
148.962204 0.000000 1216.789185 0.000000 0.321443 0.000000 -0.946929 0.495000 0.495000 0.495000
193.886261 0.000000 1198.293823 0.000000 0.559625 0.000000 -0.828746 0.462677 0.462677 0.462677
238.059891 0.000000 1188.021240 0.000000 0.438496 0.000000 -0.898733 0.485323 0.485323 0.485323
212.034348 0.000000 1193.780640 0.000000 0.545885 0.000000 -0.837860 0.475886 0.475886 0.475886
193.097427 0.000000 1201.254761 0.000000 0.135125 0.000000 -0.990829 0.509646 0.509646 0.509646
693.027161 0.000000 1104.720215 0.000000 0.314286 0.000000 -0.949328 0.343711 0.343711 0.343711
645.619141 0.000000 1128.651123 0.000000 0.375205 0.000000 -0.926942 0.341632 0.341632 0.341632
691.067017 0.000000 1109.536499 0.000000 0.209655 0.000000 -0.977776 0.491305 0.491305 0.491305
690.026794 0.000000 1111.250488 0.000000 0.357175 0.000000 -0.934038 0.478253 0.478253 0.478253
644.331055 0.000000 1126.757446 0.000000 0.037329 0.000000 -0.999303 0.517148 0.517148 0.517148
645.698975 0.000000 1127.783081 0.000000 0.551087 0.000000 -0.834448 0.475411 0.475411 0.475411
466.130249 0.000000 2022.046387 0.000000 0.499260 0.000000 -0.866452 0.219854 0.219854 0.219854
457.185303 0.000000 2020.488281 0.000000 0.508210 0.000000 -0.861233 0.238313 0.238313 0.238313
456.949768 0.000000 2023.161499 0.000000 0.321449 0.000000 -0.946927 0.381590 0.381590 0.381590
461.742432 0.000000 2023.173218 0.000000 0.567446 0.000000 -0.823411 0.344585 0.344585 0.344585
459.736847 0.000000 2023.921875 0.000000 0.511412 0.000000 -0.859336 0.451816 0.451816 0.451816
492.438507 0.000000 2009.915527 0.000000 0.459984 0.000000 -0.887927 0.472299 0.472299 0.472299
559.125977 0.000000 1959.385864 0.000000 0.390923 0.000000 -0.920424 0.260760 0.260760 0.260760
554.445190 0.000000 1959.324585 0.000000 0.491315 0.000000 -0.870982 0.267062 0.267062 0.267062
546.794739 0.000000 1957.376587 0.000000 0.462069 0.000000 -0.886844 0.347330 0.347330 0.347330
544.915405 0.000000 1961.384277 0.000000 0.412052 0.000000 -0.911160 0.419117 0.419117 0.419117
547.081421 0.000000 1963.799561 0.000000 0.551825 0.000000 -0.833960 0.421641 0.421641 0.421641
555.347595 0.000000 1961.584351 0.000000 0.491417 0.000000 -0.870925 0.480755 0.480755 0.480755
547.067627 0.000000 1955.039917 0.000000 0.228567 0.000000 -0.973528 0.497364 0.497364 0.497364
529.241394 0.000000 1994.584473 0.000000 0.561895 0.000000 -0.827209 0.290092 0.290092 0.290092
533.720947 0.000000 1989.125854 0.000000 0.141575 0.000000 -0.989928 0.320120 0.320120 0.320120
536.170959 0.000000 1988.453979 0.000000 0.307906 0.000000 -0.951417 0.330430 0.330430 0.330430
519.499939 0.000000 1999.675171 0.000000 0.246903 0.000000 -0.969040 0.410121 0.410121 0.410121
537.502808 0.000000 1987.526611 0.000000 0.389875 0.000000 -0.920868 0.488236 0.488236 0.488236
547.361328 0.000000 1977.006104 0.000000 0.068299 0.000000 -0.997665 0.514778 0.514778 0.514778
"}
