object={
	name="rainforest_generator_1_0"
	clamp_to_water_level=no
	render_under_water=no
	generated_content=yes
	layer="semidynamic"
	pdxmesh="tree_rainforest_001_mesh"
	count=20
	transform="154.132584 0.000000 1220.623657 0.000000 0.067671 0.000000 0.997708 0.285174 0.285174 0.285174
154.616226 0.000000 1210.254272 0.000000 0.521483 0.000000 0.853261 0.331607 0.331607 0.331607
146.931503 0.000000 1217.498047 0.000000 0.066069 0.000000 0.997815 0.285051 0.285051 0.285051
183.633286 0.000000 1204.889771 0.000000 0.118099 0.000000 0.993002 0.289043 0.289043 0.289043
155.994141 0.000000 1211.205078 0.000000 0.237322 0.000000 0.971431 0.310934 0.310934 0.310934
152.535416 0.000000 1221.215454 0.000000 0.461897 0.000000 0.886934 0.316679 0.316679 0.316679
189.121735 0.000000 1202.396851 0.000000 0.138738 0.000000 0.990329 0.290633 0.290633 0.290633
150.662933 0.000000 1221.063110 0.000000 0.136277 0.000000 0.990671 0.302974 0.302974 0.302974
184.202850 0.000000 1203.128418 0.000000 0.164609 0.000000 0.986359 0.292633 0.292633 0.292633
181.735840 0.000000 1202.552368 0.000000 0.026244 0.000000 0.999656 0.282005 0.282005 0.282005
236.179840 0.000000 1189.594849 0.000000 0.495477 0.000000 0.868621 0.319602 0.319602 0.319602
210.493515 0.000000 1192.471191 0.000000 0.041677 0.000000 0.999131 0.283185 0.283185 0.283185
646.599243 0.000000 1126.304077 0.000000 0.078088 0.000000 0.996947 0.285972 0.285972 0.285972
645.147461 0.000000 1127.192261 0.000000 0.453170 0.000000 0.891424 0.315930 0.315930 0.315930
690.026794 0.000000 1109.287354 0.000000 0.192238 0.000000 0.981348 0.307501 0.307501 0.307501
547.097717 0.000000 1962.568848 0.000000 0.105209 0.000000 0.994450 0.292644 0.292644 0.292644
549.382874 0.000000 1948.050781 0.000000 0.486773 0.000000 0.873528 0.324673 0.324673 0.324673
546.905884 0.000000 1955.849731 0.000000 0.567826 0.000000 0.823149 0.329753 0.329753 0.329753
555.856201 0.000000 1960.042969 0.000000 0.395593 0.000000 0.918426 0.311071 0.311071 0.311071
536.544067 0.000000 1987.130615 0.000000 0.469574 0.000000 0.882893 0.318423 0.318423 0.318423
"}
object={
	name="rainforest_generator_1_1"
	clamp_to_water_level=no
	render_under_water=no
	generated_content=yes
	layer="semidynamic"
	pdxmesh="tree_rainforest_002_mesh"
	count=18
	transform="146.408936 0.000000 1214.581421 0.000000 0.871452 0.000000 0.490480 0.332607 0.332607 0.332607
163.373230 0.000000 1213.115234 0.000000 0.883257 0.000000 0.468890 0.352412 0.352412 0.352412
158.841156 0.000000 1217.804077 0.000000 0.743573 0.000000 0.668654 0.346243 0.346243 0.346243
142.569382 0.000000 1219.940674 0.000000 0.863896 0.000000 0.503670 0.343802 0.343802 0.343802
147.150772 0.000000 1219.933472 0.000000 0.622380 0.000000 0.782715 0.338330 0.338330 0.338330
180.127777 0.000000 1204.054321 0.000000 0.672580 0.000000 0.740024 0.336355 0.336355 0.336355
143.572021 0.000000 1217.771729 0.000000 0.761597 0.000000 0.648051 0.346140 0.346140 0.346140
183.988480 0.000000 1201.795166 0.000000 0.708043 0.000000 0.706169 0.340101 0.340101 0.340101
188.607147 0.000000 1204.026978 0.000000 0.925860 0.000000 0.377867 0.370398 0.370398 0.370398
140.962921 0.000000 1216.292603 0.000000 0.721490 0.000000 0.692425 0.341570 0.341570 0.341570
150.136108 0.000000 1219.750488 0.000000 0.706662 0.000000 0.707552 0.344662 0.344662 0.344662
186.884171 0.000000 1201.455444 0.000000 0.918317 0.000000 0.395845 0.368908 0.368908 0.368908
212.914795 0.000000 1193.893799 0.000000 0.645677 0.000000 0.763611 0.333622 0.333622 0.333622
691.720520 0.000000 1111.074951 0.000000 0.928598 0.000000 0.371088 0.375322 0.375322 0.375322
464.417419 0.000000 2022.824097 0.000000 0.929373 0.000000 0.369143 0.371116 0.371116 0.371116
557.601929 0.000000 1960.393677 0.000000 0.932456 0.000000 0.361284 0.374991 0.374991 0.374991
552.504700 0.000000 1963.862427 0.000000 0.894022 0.000000 0.448023 0.364511 0.364511 0.364511
521.939758 0.000000 1992.241577 0.000000 0.781450 0.000000 0.623968 0.355085 0.355085 0.355085
"}
object={
	name="rainforest_generator_1_2"
	clamp_to_water_level=no
	render_under_water=no
	generated_content=yes
	layer="semidynamic"
	pdxmesh="tree_rainforest_003_mesh"
	count=22
	transform="144.913574 0.000000 1218.741943 0.000000 0.999148 0.000000 -0.041263 0.371920 0.371920 0.371920
187.669342 0.000000 1205.876709 0.000000 0.988870 0.000000 0.148784 0.388591 0.388591 0.388591
148.724701 0.000000 1215.872314 0.000000 0.978298 0.000000 0.207204 0.384055 0.384055 0.384055
151.654907 0.000000 1219.827393 0.000000 0.997525 0.000000 0.070309 0.395046 0.395046 0.395046
187.596497 0.000000 1202.698242 0.000000 0.959567 0.000000 -0.281482 0.421798 0.421798 0.421798
161.555939 0.000000 1212.846191 0.000000 0.987856 0.000000 -0.155373 0.410477 0.410477 0.410477
159.589508 0.000000 1216.216919 0.000000 0.998775 0.000000 -0.049489 0.403634 0.403634 0.403634
151.874908 0.000000 1218.247681 0.000000 0.999993 0.000000 0.003687 0.399740 0.399740 0.399740
145.981827 0.000000 1216.084106 0.000000 0.970158 0.000000 0.242474 0.381290 0.381290 0.381290
147.367401 0.000000 1216.179199 0.000000 0.994348 0.000000 0.106170 0.391874 0.391874 0.391874
184.780945 0.000000 1200.119751 0.000000 0.955583 0.000000 -0.294721 0.422854 0.422854 0.422854
186.285477 0.000000 1202.590576 0.000000 0.989283 0.000000 -0.146009 0.411194 0.411194 0.411194
646.827454 0.000000 1129.202026 0.000000 0.957942 0.000000 -0.286961 0.419328 0.419328 0.419328
692.417847 0.000000 1103.528198 0.000000 0.997574 0.000000 -0.069612 0.369971 0.369971 0.369971
690.737732 0.000000 1106.700806 0.000000 0.986382 0.000000 -0.164473 0.412622 0.412622 0.412622
693.498657 0.000000 1110.679321 0.000000 0.986515 0.000000 -0.163674 0.410918 0.410918 0.410918
493.534485 0.000000 2011.974609 0.000000 0.996444 0.000000 0.084258 0.393556 0.393556 0.393556
546.996948 0.000000 1976.432129 0.000000 0.986915 0.000000 -0.161239 0.412372 0.412372 0.412372
554.699829 0.000000 1960.847534 0.000000 0.985661 0.000000 -0.168739 0.412953 0.412953 0.412953
556.435303 0.000000 1956.443848 0.000000 0.952043 0.000000 0.305966 0.378962 0.378962 0.378962
534.003418 0.000000 1990.655518 0.000000 0.980626 0.000000 -0.195891 0.415062 0.415062 0.415062
520.084656 0.000000 1992.588135 0.000000 0.981689 0.000000 0.190492 0.387224 0.387224 0.387224
"}
object={
	name="rainforest_generator_1_3"
	clamp_to_water_level=no
	render_under_water=no
	generated_content=yes
	layer="semidynamic"
	pdxmesh="tree_rainforest_004_mesh"
	count=28
	transform="185.426590 0.000000 1203.570801 0.000000 0.775214 0.000000 -0.631698 0.452234 0.452234 0.452234
181.757950 0.000000 1205.536621 0.000000 0.736857 0.000000 -0.676049 0.456714 0.456714 0.456714
151.828003 0.000000 1210.348633 0.000000 0.726457 0.000000 -0.687212 0.454853 0.454853 0.454853
180.612823 0.000000 1201.883911 0.000000 0.840246 0.000000 -0.542205 0.443778 0.443778 0.443778
157.260025 0.000000 1220.441162 0.000000 0.701241 0.000000 -0.712925 0.458055 0.458055 0.458055
182.928299 0.000000 1203.056885 0.000000 0.649367 0.000000 -0.760475 0.466008 0.466008 0.466008
144.434082 0.000000 1216.233032 0.000000 0.674653 0.000000 -0.738135 0.463430 0.463430 0.463430
160.249130 0.000000 1214.547607 0.000000 0.600575 0.000000 -0.799569 0.466159 0.466159 0.466159
185.788971 0.000000 1205.533691 0.000000 0.692268 0.000000 -0.721640 0.461587 0.461587 0.461587
189.495087 0.000000 1205.332153 0.000000 0.869987 0.000000 -0.493074 0.439390 0.439390 0.439390
182.224823 0.000000 1201.350586 0.000000 0.756007 0.000000 -0.654564 0.454515 0.454515 0.454515
153.702255 0.000000 1211.614136 0.000000 0.655298 0.000000 -0.755370 0.460066 0.460066 0.460066
157.201736 0.000000 1218.838501 0.000000 0.742188 0.000000 -0.670191 0.453725 0.453725 0.453725
148.957184 0.000000 1214.332886 0.000000 0.895795 0.000000 -0.444467 0.435186 0.435186 0.435186
181.702789 0.000000 1204.008789 0.000000 0.798921 0.000000 -0.601436 0.449297 0.449297 0.449297
145.384628 0.000000 1217.377197 0.000000 0.631200 0.000000 -0.775620 0.467815 0.467815 0.467815
212.950073 0.000000 1195.341064 0.000000 0.659527 0.000000 -0.751681 0.371468 0.371468 0.371468
195.589218 0.000000 1198.554077 0.000000 0.948236 0.000000 -0.317568 0.424688 0.424688 0.424688
211.958206 0.000000 1192.884399 0.000000 0.792290 0.000000 -0.610145 0.450133 0.450133 0.450133
194.523407 0.000000 1200.586792 0.000000 0.866633 0.000000 -0.498946 0.439907 0.439907 0.439907
197.138153 0.000000 1201.607178 0.000000 0.691570 0.000000 -0.722310 0.461661 0.461661 0.461661
689.158875 0.000000 1107.831543 0.000000 0.918336 0.000000 -0.395802 0.427939 0.427939 0.427939
646.498657 0.000000 1127.746216 0.000000 0.728663 0.000000 -0.684873 0.457634 0.457634 0.457634
461.883423 0.000000 2025.449341 0.000000 0.917143 0.000000 -0.398559 0.351900 0.351900 0.351900
554.151428 0.000000 1962.980347 0.000000 0.877664 0.000000 -0.479276 0.438184 0.438184 0.438184
555.522278 0.000000 1962.572510 0.000000 0.793876 0.000000 -0.608080 0.449934 0.449934 0.449934
531.875549 0.000000 1992.401978 0.000000 0.814143 0.000000 -0.580664 0.398263 0.398263 0.398263
521.291260 0.000000 1993.746460 0.000000 0.668822 0.000000 -0.743423 0.455871 0.455871 0.455871
"}
object={
	name="rainforest_generator_1_4"
	clamp_to_water_level=no
	render_under_water=no
	generated_content=yes
	layer="semidynamic"
	pdxmesh="tree_rainforest_005_mesh"
	count=29
	transform="151.538177 0.000000 1222.458740 0.000000 0.310719 0.000000 -0.950502 0.386703 0.386703 0.386703
158.089844 0.000000 1215.107178 0.000000 0.533292 0.000000 -0.845931 0.433433 0.433433 0.433433
153.637558 0.000000 1222.869263 0.000000 0.499323 0.000000 -0.866416 0.474565 0.474565 0.474565
155.789291 0.000000 1221.351562 0.000000 0.205372 0.000000 -0.978684 0.504198 0.504198 0.504198
186.963013 0.000000 1204.310547 0.000000 0.007125 0.000000 -0.999975 0.519456 0.519456 0.519456
158.604736 0.000000 1219.452026 0.000000 0.166044 0.000000 -0.986118 0.493236 0.493236 0.493236
148.461090 0.000000 1217.396484 0.000000 0.581811 0.000000 -0.813324 0.472563 0.472563 0.472563
142.923050 0.000000 1216.392578 0.000000 0.113062 0.000000 -0.993588 0.511344 0.511344 0.511344
140.118500 0.000000 1217.504639 0.000000 0.165704 0.000000 -0.986176 0.507282 0.507282 0.507282
192.522308 0.000000 1201.873901 0.000000 0.479166 0.000000 -0.877724 0.481825 0.481825 0.481825
192.974350 0.000000 1198.879639 0.000000 0.239974 0.000000 -0.970779 0.485236 0.485236 0.485236
196.679581 0.000000 1200.408203 0.000000 0.104484 0.000000 -0.994527 0.512003 0.512003 0.512003
194.200302 0.000000 1202.791138 0.000000 0.483765 0.000000 -0.875198 0.471579 0.471579 0.471579
209.197525 0.000000 1192.964966 0.000000 0.042032 0.000000 -0.999116 0.511063 0.511063 0.511063
237.450058 0.000000 1188.691284 0.000000 0.521518 0.000000 -0.853240 0.478088 0.478088 0.478088
197.125320 0.000000 1198.902954 0.000000 0.453900 0.000000 -0.891052 0.474948 0.474948 0.474948
192.951294 0.000000 1200.407104 0.000000 0.133616 0.000000 -0.991033 0.509762 0.509762 0.509762
213.351242 0.000000 1192.600952 0.000000 0.295722 0.000000 -0.955274 0.497066 0.497066 0.497066
194.422333 0.000000 1199.238159 0.000000 0.156718 0.000000 -0.987643 0.507978 0.507978 0.507978
690.278564 0.000000 1103.911987 0.000000 0.409119 0.000000 -0.912481 0.423957 0.423957 0.423957
691.339783 0.000000 1108.492432 0.000000 0.065799 0.000000 -0.997833 0.501068 0.501068 0.501068
645.476685 0.000000 1124.481323 0.000000 0.418925 0.000000 -0.908021 0.475892 0.475892 0.475892
495.365295 0.000000 2007.756714 0.000000 0.277454 0.000000 -0.960739 0.392848 0.392848 0.392848
548.675659 0.000000 1953.310791 0.000000 0.571083 0.000000 -0.820892 0.462266 0.462266 0.462266
547.373230 0.000000 1947.412109 0.000000 0.447980 0.000000 -0.894044 0.454567 0.454567 0.454567
556.260864 0.000000 1961.402100 0.000000 0.414878 0.000000 -0.909877 0.477331 0.477331 0.477331
535.342529 0.000000 1992.463867 0.000000 0.106764 0.000000 -0.994284 0.460368 0.460368 0.460368
546.589355 0.000000 1977.151245 0.000000 0.358889 0.000000 -0.933380 0.491957 0.491957 0.491957
535.267517 0.000000 1991.155151 0.000000 0.541402 0.000000 -0.840764 0.476295 0.476295 0.476295
"}
