object={
	name="revolution_mapobject_generator_devout_0"
	clamp_to_water_level=no
	render_under_water=no
	generated_content=yes
	layer="revolution_dynamic_devout"
	pdxmesh="revolution_barricade_small_devout_mesh"
	count=16
	transform="7917.255371 0.000000 393.781738 0.000000 0.875835 0.000000 0.482610 1.000000 1.000000 1.000000
7916.186523 0.000000 386.614471 0.000000 0.637521 0.000000 0.770433 1.000000 1.000000 1.000000
7939.716309 0.000000 380.012421 0.000000 0.848392 0.000000 0.529369 1.000000 1.000000 1.000000
7968.264648 0.000000 417.259155 0.000000 0.543284 0.000000 0.839549 1.000000 1.000000 1.000000
7936.290527 0.000000 429.755768 0.000000 0.858402 0.000000 0.512977 1.000000 1.000000 1.000000
7939.589355 0.000000 407.772858 0.000000 0.897717 0.000000 0.440573 1.000000 1.000000 1.000000
7967.430176 0.000000 406.162567 0.000000 0.166302 0.000000 0.986075 1.000000 1.000000 1.000000
7961.268555 0.000000 411.799744 0.000000 0.693922 0.000000 0.720050 1.000000 1.000000 1.000000
7999.419434 0.000000 473.747070 0.000000 0.223368 0.000000 0.974734 1.000000 1.000000 1.000000
8022.797363 0.000000 452.849640 0.000000 0.524900 0.000000 0.851164 1.000000 1.000000 1.000000
8030.802246 0.000000 508.420532 0.000000 0.873432 0.000000 0.486946 1.000000 1.000000 1.000000
8091.221680 0.000000 554.387939 0.000000 0.371987 0.000000 0.928238 1.000000 1.000000 1.000000
8089.924805 0.000000 561.599854 0.000000 0.275929 0.000000 0.961178 1.000000 1.000000 1.000000
8116.449707 0.000000 597.604248 0.000000 0.684628 0.000000 0.728893 1.000000 1.000000 1.000000
8073.453613 0.000000 571.163147 0.000000 0.528590 0.000000 0.848877 1.000000 1.000000 1.000000
8090.840820 0.000000 591.548096 0.000000 0.546561 0.000000 0.837419 1.000000 1.000000 1.000000
"}
object={
	name="revolution_mapobject_generator_devout_1"
	clamp_to_water_level=no
	render_under_water=no
	generated_content=yes
	layer="revolution_dynamic_devout"
	pdxmesh="revolution_barricade_mid_devout_mesh"
	count=8
	transform="7929.729980 0.000000 379.695770 0.000000 0.988290 0.000000 0.152586 1.000000 1.000000 1.000000
7942.599121 0.000000 392.007202 0.000000 0.907391 0.000000 -0.420288 1.000000 1.000000 1.000000
7982.271484 0.000000 432.679138 0.000000 0.995913 0.000000 0.090313 1.000000 1.000000 1.000000
8025.924805 0.000000 448.631104 0.000000 0.976895 0.000000 0.213718 1.000000 1.000000 1.000000
8085.428223 0.000000 597.191406 0.000000 0.985539 0.000000 0.169446 1.000000 1.000000 1.000000
8097.639160 0.000000 594.881348 0.000000 0.999057 0.000000 -0.043408 1.000000 1.000000 1.000000
8110.271484 0.000000 602.132263 0.000000 0.988025 0.000000 0.154296 1.000000 1.000000 1.000000
7875.834473 0.000000 1016.721252 0.000000 0.995806 0.000000 0.091491 1.000000 1.000000 1.000000
"}
object={
	name="revolution_mapobject_generator_devout_2"
	clamp_to_water_level=no
	render_under_water=no
	generated_content=yes
	layer="revolution_dynamic_devout"
	pdxmesh="revolution_barricade_large_devout_mesh"
	count=10
	transform="7954.736816 0.000000 389.027283 0.000000 0.431308 0.000000 -0.902205 1.000000 1.000000 1.000000
7957.035156 0.000000 379.623352 0.000000 0.197534 0.000000 -0.980296 1.000000 1.000000 1.000000
7961.924805 0.000000 392.146729 0.000000 0.070636 0.000000 -0.997502 1.000000 1.000000 1.000000
7993.729980 0.000000 436.180145 0.000000 0.743511 0.000000 -0.668723 1.000000 1.000000 1.000000
7981.233887 0.000000 421.287903 0.000000 0.292350 0.000000 -0.956311 1.000000 1.000000 1.000000
7958.797363 0.000000 396.365265 0.000000 0.622792 0.000000 -0.782387 1.000000 1.000000 1.000000
8006.599121 0.000000 448.491577 0.000000 0.711987 0.000000 -0.702193 1.000000 1.000000 1.000000
8106.581543 0.000000 527.164185 0.000000 0.770646 0.000000 -0.637263 1.000000 1.000000 1.000000
8089.268555 0.000000 581.252869 0.000000 0.569936 0.000000 -0.821689 1.000000 1.000000 1.000000
8101.084961 0.000000 579.641357 0.000000 0.457168 0.000000 -0.889380 1.000000 1.000000 1.000000
"}
