object={
	name="revolution_mapobject_generator_petty_bourgeoisie_0"
	clamp_to_water_level=no
	render_under_water=no
	generated_content=yes
	layer="revolution_dynamic_petty_bourgeoisie"
	pdxmesh="revolution_barricade_small_petty_bourgeoisie_mesh"
	count=9
	transform="7934.612305 0.000000 390.546539 0.000000 0.880937 0.000000 0.473233 1.000000 1.000000 1.000000
7925.811523 0.000000 380.205322 0.000000 0.737515 0.000000 0.675331 1.000000 1.000000 1.000000
7957.636230 0.000000 393.408478 0.000000 0.003768 0.000000 0.999993 1.000000 1.000000 1.000000
7958.596680 0.000000 415.921783 0.000000 0.510769 0.000000 0.859718 1.000000 1.000000 1.000000
7989.811523 0.000000 436.689697 0.000000 0.409489 0.000000 0.912315 1.000000 1.000000 1.000000
8001.469238 0.000000 449.938721 0.000000 0.540116 0.000000 0.841591 1.000000 1.000000 1.000000
8017.626465 0.000000 457.084503 0.000000 0.947802 0.000000 0.318859 1.000000 1.000000 1.000000
8057.614258 0.000000 504.256134 0.000000 0.028262 0.000000 0.999601 1.000000 1.000000 1.000000
8100.049805 0.000000 601.133301 0.000000 0.947899 0.000000 0.318571 1.000000 1.000000 1.000000
"}
object={
	name="revolution_mapobject_generator_petty_bourgeoisie_1"
	clamp_to_water_level=no
	render_under_water=no
	generated_content=yes
	layer="revolution_dynamic_petty_bourgeoisie"
	pdxmesh="revolution_barricade_mid_petty_bourgeoisie_mesh"
	count=12
	transform="7956.194824 0.000000 384.819092 0.000000 0.958421 0.000000 0.285359 1.000000 1.000000 1.000000
7958.302246 0.000000 400.444672 0.000000 0.997421 0.000000 0.071772 1.000000 1.000000 1.000000
7994.308594 0.000000 439.990173 0.000000 0.983933 0.000000 -0.178540 1.000000 1.000000 1.000000
8000.390625 0.000000 438.940765 0.000000 0.930715 0.000000 -0.365745 1.000000 1.000000 1.000000
8003.856934 0.000000 445.462585 0.000000 0.912358 0.000000 -0.409394 1.000000 1.000000 1.000000
8025.550293 0.000000 463.476440 0.000000 0.994796 0.000000 -0.101888 1.000000 1.000000 1.000000
8034.997070 0.000000 507.838440 0.000000 0.998889 0.000000 -0.047134 1.000000 1.000000 1.000000
8018.974121 0.000000 453.277924 0.000000 0.994618 0.000000 -0.103614 1.000000 1.000000 1.000000
8113.158691 0.000000 542.987732 0.000000 0.983025 0.000000 0.183471 1.000000 1.000000 1.000000
8102.720703 0.000000 611.578430 0.000000 0.996957 0.000000 -0.077948 1.000000 1.000000 1.000000
8106.157715 0.000000 587.679993 0.000000 0.997669 0.000000 0.068246 1.000000 1.000000 1.000000
8113.158691 0.000000 599.472107 0.000000 0.998084 0.000000 0.061867 1.000000 1.000000 1.000000
"}
object={
	name="revolution_mapobject_generator_petty_bourgeoisie_2"
	clamp_to_water_level=no
	render_under_water=no
	generated_content=yes
	layer="revolution_dynamic_petty_bourgeoisie"
	pdxmesh="revolution_barricade_large_petty_bourgeoisie_mesh"
	count=12
	transform="7959.427734 0.000000 387.901642 0.000000 0.237525 0.000000 -0.971381 1.000000 1.000000 1.000000
7936.390625 0.000000 382.456390 0.000000 0.347730 0.000000 -0.937595 1.000000 1.000000 1.000000
7936.073242 0.000000 377.467712 0.000000 0.668241 0.000000 -0.743944 1.000000 1.000000 1.000000
7939.856934 0.000000 388.978210 0.000000 0.220872 0.000000 -0.975303 1.000000 1.000000 1.000000
7977.605957 0.000000 432.872131 0.000000 0.220539 0.000000 -0.975378 1.000000 1.000000 1.000000
7936.173340 0.000000 397.215271 0.000000 0.086443 0.000000 -0.996257 1.000000 1.000000 1.000000
7977.764648 0.000000 423.714844 0.000000 0.414377 0.000000 -0.910105 1.000000 1.000000 1.000000
8109.255371 0.000000 563.234863 0.000000 0.312568 0.000000 -0.949895 1.000000 1.000000 1.000000
8116.449707 0.000000 541.119873 0.000000 0.268431 0.000000 -0.963299 1.000000 1.000000 1.000000
8109.233887 0.000000 534.256653 0.000000 0.563235 0.000000 -0.826297 1.000000 1.000000 1.000000
8105.396484 0.000000 578.602661 0.000000 0.617810 0.000000 -0.786327 1.000000 1.000000 1.000000
8082.409180 0.000000 593.253296 0.000000 0.497117 0.000000 -0.867684 1.000000 1.000000 1.000000
"}
