object={
	name="revolution_mapobject_generator_intelligentsia_0"
	clamp_to_water_level=no
	render_under_water=no
	generated_content=yes
	layer="revolution_dynamic_intelligentsia"
	pdxmesh="revolution_barricade_small_intelligentsia_mesh"
	count=13
	transform="7921.044434 0.000000 387.590210 0.000000 0.909673 0.000000 0.415325 1.000000 1.000000 1.000000
7910.720703 0.000000 385.640930 0.000000 0.802122 0.000000 0.597161 1.000000 1.000000 1.000000
7935.291016 0.000000 395.795685 0.000000 0.746571 0.000000 0.665306 1.000000 1.000000 1.000000
7981.791016 0.000000 408.728760 0.000000 0.834205 0.000000 0.551455 1.000000 1.000000 1.000000
7945.437988 0.000000 396.208313 0.000000 0.009078 0.000000 0.999959 1.000000 1.000000 1.000000
7987.720703 0.000000 433.262390 0.000000 0.709488 0.000000 0.704718 1.000000 1.000000 1.000000
7961.550293 0.000000 406.992065 0.000000 0.724801 0.000000 0.688959 1.000000 1.000000 1.000000
7998.112305 0.000000 439.309326 0.000000 0.888307 0.000000 0.459249 1.000000 1.000000 1.000000
8045.255371 0.000000 506.750488 0.000000 0.309002 0.000000 0.951061 1.000000 1.000000 1.000000
8009.437988 0.000000 452.692688 0.000000 0.452664 0.000000 0.891681 1.000000 1.000000 1.000000
8094.600098 0.000000 558.062988 0.000000 0.237427 0.000000 0.971405 1.000000 1.000000 1.000000
8102.720703 0.000000 555.094055 0.000000 0.076780 0.000000 0.997048 1.000000 1.000000 1.000000
8081.626465 0.000000 570.053223 0.000000 0.930575 0.000000 0.366103 1.000000 1.000000 1.000000
"}
object={
	name="revolution_mapobject_generator_intelligentsia_1"
	clamp_to_water_level=no
	render_under_water=no
	generated_content=yes
	layer="revolution_dynamic_intelligentsia"
	pdxmesh="revolution_barricade_mid_intelligentsia_mesh"
	count=17
	transform="7935.097656 0.000000 378.295471 0.000000 0.959541 0.000000 0.281568 1.000000 1.000000 1.000000
7968.909180 0.000000 381.149567 0.000000 0.975719 0.000000 0.219024 1.000000 1.000000 1.000000
7992.634766 0.000000 431.179230 0.000000 0.999998 0.000000 0.001930 1.000000 1.000000 1.000000
7987.521484 0.000000 423.399475 0.000000 0.907667 0.000000 -0.419691 1.000000 1.000000 1.000000
8003.716309 0.000000 436.496796 0.000000 0.999866 0.000000 -0.016372 1.000000 1.000000 1.000000
8004.957031 0.000000 441.557709 0.000000 0.997085 0.000000 0.076302 1.000000 1.000000 1.000000
7966.802246 0.000000 451.936157 0.000000 0.995609 0.000000 -0.093613 1.000000 1.000000 1.000000
8060.270508 0.000000 500.208832 0.000000 0.955140 0.000000 -0.296155 1.000000 1.000000 1.000000
8030.773926 0.000000 468.346649 0.000000 0.856688 0.000000 -0.515835 1.000000 1.000000 1.000000
8030.600098 0.000000 501.578583 0.000000 0.978373 0.000000 0.206847 1.000000 1.000000 1.000000
8004.861816 0.000000 479.829529 0.000000 0.955025 0.000000 0.296527 1.000000 1.000000 1.000000
8050.569336 0.000000 507.848816 0.000000 0.857817 0.000000 -0.513955 1.000000 1.000000 1.000000
8097.639160 0.000000 538.396973 0.000000 0.930676 0.000000 -0.365846 1.000000 1.000000 1.000000
8101.443359 0.000000 584.645752 0.000000 0.896456 0.000000 -0.443133 1.000000 1.000000 1.000000
8100.590332 0.000000 574.850403 0.000000 0.916337 0.000000 -0.400407 1.000000 1.000000 1.000000
8128.290527 0.000000 599.208923 0.000000 0.946969 0.000000 -0.321326 1.000000 1.000000 1.000000
8135.693359 0.000000 596.676331 0.000000 0.901475 0.000000 -0.432831 1.000000 1.000000 1.000000
"}
object={
	name="revolution_mapobject_generator_intelligentsia_2"
	clamp_to_water_level=no
	render_under_water=no
	generated_content=yes
	layer="revolution_dynamic_intelligentsia"
	pdxmesh="revolution_barricade_large_intelligentsia_mesh"
	count=11
	transform="7934.112305 0.000000 382.824951 0.000000 0.447783 0.000000 -0.894142 1.000000 1.000000 1.000000
7975.675293 0.000000 393.680115 0.000000 0.146856 0.000000 -0.989158 1.000000 1.000000 1.000000
7941.002930 0.000000 375.034241 0.000000 0.209631 0.000000 -0.977781 1.000000 1.000000 1.000000
7940.957031 0.000000 385.073334 0.000000 0.286159 0.000000 -0.958182 1.000000 1.000000 1.000000
7952.020996 0.000000 439.618896 0.000000 0.022923 0.000000 -0.999737 1.000000 1.000000 1.000000
7972.590332 0.000000 405.397308 0.000000 0.299120 0.000000 -0.954215 1.000000 1.000000 1.000000
7993.426758 0.000000 469.273956 0.000000 0.595208 0.000000 -0.803571 1.000000 1.000000 1.000000
8115.720703 0.000000 546.231140 0.000000 0.179986 0.000000 -0.983669 1.000000 1.000000 1.000000
8089.550293 0.000000 576.445190 0.000000 0.014985 0.000000 -0.999888 1.000000 1.000000 1.000000
8115.521484 0.000000 592.852600 0.000000 0.737432 0.000000 -0.675421 1.000000 1.000000 1.000000
8090.548828 0.000000 606.156799 0.000000 0.425424 0.000000 -0.904994 1.000000 1.000000 1.000000
"}
