object={
	name="revolution_mapobject_generator_landowners_0"
	clamp_to_water_level=no
	render_under_water=no
	generated_content=yes
	layer="revolution_dynamic_landowners"
	pdxmesh="revolution_barricade_small_landowners_mesh"
	count=15
	transform="7922.569336 0.000000 394.880066 0.000000 0.477944 0.000000 0.878390 1.000000 1.000000 1.000000
7933.733887 0.000000 429.600861 0.000000 0.764794 0.000000 0.644275 1.000000 1.000000 1.000000
7935.683594 0.000000 408.431061 0.000000 0.845059 0.000000 0.534673 1.000000 1.000000 1.000000
7936.290527 0.000000 373.271393 0.000000 0.649988 0.000000 0.759944 1.000000 1.000000 1.000000
7949.646484 0.000000 379.652496 0.000000 0.521086 0.000000 0.853504 1.000000 1.000000 1.000000
7974.270996 0.000000 396.797546 0.000000 0.405107 0.000000 0.914269 1.000000 1.000000 1.000000
7941.002930 0.000000 431.518616 0.000000 0.300140 0.000000 0.953895 1.000000 1.000000 1.000000
7982.917969 0.000000 416.705353 0.000000 0.937891 0.000000 0.346930 1.000000 1.000000 1.000000
7973.993652 0.000000 424.953979 0.000000 0.508110 0.000000 0.861292 1.000000 1.000000 1.000000
7958.003418 0.000000 409.093048 0.000000 0.830503 0.000000 0.557014 1.000000 1.000000 1.000000
8010.048340 0.000000 440.890930 0.000000 0.127544 0.000000 0.991833 1.000000 1.000000 1.000000
8017.114746 0.000000 449.950470 0.000000 0.279516 0.000000 0.960141 1.000000 1.000000 1.000000
8122.133789 0.000000 592.308228 0.000000 0.331089 0.000000 0.943599 1.000000 1.000000 1.000000
8086.690430 0.000000 592.860657 0.000000 0.904783 0.000000 0.425873 1.000000 1.000000 1.000000
8086.797363 0.000000 622.302734 0.000000 0.901180 0.000000 0.433446 1.000000 1.000000 1.000000
"}
object={
	name="revolution_mapobject_generator_landowners_1"
	clamp_to_water_level=no
	render_under_water=no
	generated_content=yes
	layer="revolution_dynamic_landowners"
	pdxmesh="revolution_barricade_mid_landowners_mesh"
	count=10
	transform="7926.803711 0.000000 397.456787 0.000000 0.901833 0.000000 -0.432084 1.000000 1.000000 1.000000
7978.133789 0.000000 399.527954 0.000000 0.997384 0.000000 -0.072278 1.000000 1.000000 1.000000
7941.568848 0.000000 399.408508 0.000000 0.980641 0.000000 -0.195816 1.000000 1.000000 1.000000
7977.396484 0.000000 409.149506 0.000000 0.998322 0.000000 -0.057904 1.000000 1.000000 1.000000
7941.348633 0.000000 403.832397 0.000000 0.853751 0.000000 -0.520682 1.000000 1.000000 1.000000
8009.597656 0.000000 445.266052 0.000000 0.929612 0.000000 -0.368539 1.000000 1.000000 1.000000
8095.949707 0.000000 542.615356 0.000000 0.953801 0.000000 -0.300438 1.000000 1.000000 1.000000
8081.114746 0.000000 562.919250 0.000000 0.992699 0.000000 -0.120618 1.000000 1.000000 1.000000
8077.333984 0.000000 569.173096 0.000000 0.964286 0.000000 -0.264863 1.000000 1.000000 1.000000
8142.146973 0.000000 586.697205 0.000000 0.998339 0.000000 -0.057617 1.000000 1.000000 1.000000
"}
object={
	name="revolution_mapobject_generator_landowners_2"
	clamp_to_water_level=no
	render_under_water=no
	generated_content=yes
	layer="revolution_dynamic_landowners"
	pdxmesh="revolution_barricade_large_landowners_mesh"
	count=17
	transform="7954.853027 0.000000 375.513672 0.000000 0.202781 0.000000 -0.979224 1.000000 1.000000 1.000000
7945.597656 0.000000 388.781677 0.000000 0.069210 0.000000 -0.997602 1.000000 1.000000 1.000000
8021.636230 0.000000 449.892853 0.000000 0.586449 0.000000 -0.809986 1.000000 1.000000 1.000000
8033.638184 0.000000 498.643646 0.000000 0.726709 0.000000 -0.686946 1.000000 1.000000 1.000000
8034.074219 0.000000 513.879150 0.000000 0.337960 0.000000 -0.941161 1.000000 1.000000 1.000000
8050.317383 0.000000 511.550537 0.000000 0.401107 0.000000 -0.916031 1.000000 1.000000 1.000000
8110.271484 0.000000 545.647888 0.000000 0.538934 0.000000 -0.842348 1.000000 1.000000 1.000000
8087.427734 0.000000 557.354736 0.000000 0.426918 0.000000 -0.904290 1.000000 1.000000 1.000000
8097.638184 0.000000 555.127991 0.000000 0.685953 0.000000 -0.727645 1.000000 1.000000 1.000000
8109.060059 0.000000 607.235535 0.000000 0.466374 0.000000 -0.884588 1.000000 1.000000 1.000000
8115.720703 0.000000 602.715515 0.000000 0.742967 0.000000 -0.669328 1.000000 1.000000 1.000000
8081.893555 0.000000 578.158508 0.000000 0.281660 0.000000 -0.959514 1.000000 1.000000 1.000000
8087.538086 0.000000 601.130554 0.000000 0.519377 0.000000 -0.854545 1.000000 1.000000 1.000000
8101.993652 0.000000 594.407104 0.000000 0.482912 0.000000 -0.875669 1.000000 1.000000 1.000000
8095.822266 0.000000 590.904846 0.000000 0.752423 0.000000 -0.658680 1.000000 1.000000 1.000000
8086.003418 0.000000 578.546143 0.000000 0.781781 0.000000 -0.623553 1.000000 1.000000 1.000000
8086.596680 0.000000 585.374878 0.000000 0.262507 0.000000 -0.964930 1.000000 1.000000 1.000000
"}
