object={
	name="revolution_mapobject_generator_industrialists_0"
	clamp_to_water_level=no
	render_under_water=no
	generated_content=yes
	layer="revolution_dynamic_industrialists"
	pdxmesh="revolution_barricade_small_industrialists_mesh"
	count=16
	transform="7924.885254 0.000000 390.657349 0.000000 0.011168 0.000000 0.999938 1.000000 1.000000 1.000000
7963.221680 0.000000 384.934814 0.000000 0.736649 0.000000 0.676275 1.000000 1.000000 1.000000
7981.901367 0.000000 396.345062 0.000000 0.276661 0.000000 0.960968 1.000000 1.000000 1.000000
7973.084961 0.000000 410.188232 0.000000 0.236131 0.000000 0.971721 1.000000 1.000000 1.000000
7962.616699 0.000000 401.600037 0.000000 0.880592 0.000000 0.473876 1.000000 1.000000 1.000000
7972.049805 0.000000 431.680206 0.000000 0.537302 0.000000 0.843390 1.000000 1.000000 1.000000
8038.465332 0.000000 476.972748 0.000000 0.270432 0.000000 0.962739 1.000000 1.000000 1.000000
8038.270996 0.000000 509.766296 0.000000 0.480980 0.000000 0.876732 1.000000 1.000000 1.000000
8084.950195 0.000000 517.528564 0.000000 0.295425 0.000000 0.955366 1.000000 1.000000 1.000000
8103.866699 0.000000 550.062927 0.000000 0.709692 0.000000 0.704512 1.000000 1.000000 1.000000
8077.066406 0.000000 561.575562 0.000000 0.160151 0.000000 0.987092 1.000000 1.000000 1.000000
8118.872070 0.000000 554.693787 0.000000 0.602145 0.000000 0.798387 1.000000 1.000000 1.000000
8103.675293 0.000000 563.133240 0.000000 0.933295 0.000000 0.359110 1.000000 1.000000 1.000000
8083.921875 0.000000 589.169189 0.000000 0.376300 0.000000 0.926498 1.000000 1.000000 1.000000
8089.924805 0.000000 618.084229 0.000000 0.535119 0.000000 0.844777 1.000000 1.000000 1.000000
8094.773926 0.000000 581.315430 0.000000 0.027920 0.000000 0.999610 1.000000 1.000000 1.000000
"}
object={
	name="revolution_mapobject_generator_industrialists_1"
	clamp_to_water_level=no
	render_under_water=no
	generated_content=yes
	layer="revolution_dynamic_industrialists"
	pdxmesh="revolution_barricade_mid_industrialists_mesh"
	count=13
	transform="156.282135 0.000000 1223.067871 0.000000 0.999470 0.000000 0.032553 1.000000 1.000000 1.000000
7933.041992 0.000000 394.564392 0.000000 0.889110 0.000000 -0.457693 1.000000 1.000000 1.000000
7926.872070 0.000000 385.240662 0.000000 0.999348 0.000000 -0.036115 1.000000 1.000000 1.000000
7937.469238 0.000000 393.454346 0.000000 0.974009 0.000000 -0.226509 1.000000 1.000000 1.000000
7974.465332 0.000000 420.488373 0.000000 0.951182 0.000000 -0.308631 1.000000 1.000000 1.000000
7983.844727 0.000000 402.501068 0.000000 0.972162 0.000000 -0.234308 1.000000 1.000000 1.000000
7983.844727 0.000000 458.985443 0.000000 0.996208 0.000000 -0.087000 1.000000 1.000000 1.000000
8045.901367 0.000000 509.313812 0.000000 0.997698 0.000000 -0.067815 1.000000 1.000000 1.000000
8096.909180 0.000000 550.602661 0.000000 0.950654 0.000000 -0.310253 1.000000 1.000000 1.000000
8111.365234 0.000000 539.163025 0.000000 0.963565 0.000000 -0.267473 1.000000 1.000000 1.000000
8118.803711 0.000000 566.909912 0.000000 0.812135 0.000000 -0.583469 1.000000 1.000000 1.000000
8096.909180 0.000000 607.087036 0.000000 0.991283 0.000000 0.131751 1.000000 1.000000 1.000000
8083.298340 0.000000 582.790955 0.000000 0.997508 0.000000 0.070548 1.000000 1.000000 1.000000
"}
object={
	name="revolution_mapobject_generator_industrialists_2"
	clamp_to_water_level=no
	render_under_water=no
	generated_content=yes
	layer="revolution_dynamic_industrialists"
	pdxmesh="revolution_barricade_large_industrialists_mesh"
	count=10
	transform="149.428116 0.000000 1218.519531 0.000000 0.613017 0.000000 -0.790070 1.000000 1.000000 1.000000
7943.693359 0.000000 370.738831 0.000000 0.531655 0.000000 -0.846961 1.000000 1.000000 1.000000
7952.020996 0.000000 383.134521 0.000000 0.608420 0.000000 -0.793615 1.000000 1.000000 1.000000
7945.163574 0.000000 378.207062 0.000000 0.190637 0.000000 -0.981661 1.000000 1.000000 1.000000
7937.476562 0.000000 401.849304 0.000000 0.794114 0.000000 -0.607769 1.000000 1.000000 1.000000
8013.066406 0.000000 448.606812 0.000000 0.429774 0.000000 -0.902937 1.000000 1.000000 1.000000
8039.675293 0.000000 506.648865 0.000000 0.134732 0.000000 -0.990882 1.000000 1.000000 1.000000
8078.716309 0.000000 574.577393 0.000000 0.488819 0.000000 -0.872385 1.000000 1.000000 1.000000
8073.437988 0.000000 565.661438 0.000000 0.414961 0.000000 -0.909839 1.000000 1.000000 1.000000
8090.661621 0.000000 586.281433 0.000000 0.542803 0.000000 -0.839860 1.000000 1.000000 1.000000
"}
