object={
	name="revolution_mapobject_generator_trade_unions_0"
	clamp_to_water_level=no
	render_under_water=no
	generated_content=yes
	layer="revolution_dynamic_trade_unions"
	pdxmesh="revolution_barricade_small_trade_unions_mesh"
	count=21
	transform="7936.226074 0.000000 390.223267 0.000000 0.937199 0.000000 0.348795 1.000000 1.000000 1.000000
7946.749023 0.000000 381.099121 0.000000 0.436421 0.000000 0.899742 1.000000 1.000000 1.000000
7969.639160 0.000000 425.428223 0.000000 0.406158 0.000000 0.913803 1.000000 1.000000 1.000000
7936.315430 0.000000 421.816193 0.000000 0.658320 0.000000 0.752738 1.000000 1.000000 1.000000
7972.675781 0.000000 428.232697 0.000000 0.386414 0.000000 0.922326 1.000000 1.000000 1.000000
7960.357910 0.000000 403.901642 0.000000 0.320329 0.000000 0.947306 1.000000 1.000000 1.000000
7974.270996 0.000000 453.281921 0.000000 0.580048 0.000000 0.814582 1.000000 1.000000 1.000000
8014.716309 0.000000 461.608643 0.000000 0.908298 0.000000 0.418323 1.000000 1.000000 1.000000
8024.357910 0.000000 460.386017 0.000000 0.422714 0.000000 0.906263 1.000000 1.000000 1.000000
8049.605957 0.000000 504.728851 0.000000 0.383621 0.000000 0.923491 1.000000 1.000000 1.000000
8096.344727 0.000000 546.677002 0.000000 0.788354 0.000000 0.615223 1.000000 1.000000 1.000000
8102.643555 0.000000 560.061462 0.000000 0.706286 0.000000 0.707927 1.000000 1.000000 1.000000
8085.035156 0.000000 605.560852 0.000000 0.689828 0.000000 0.723973 1.000000 1.000000 1.000000
8102.192871 0.000000 570.550659 0.000000 0.584274 0.000000 0.811557 1.000000 1.000000 1.000000
8105.927734 0.000000 609.577026 0.000000 0.911238 0.000000 0.411880 1.000000 1.000000 1.000000
8092.263672 0.000000 574.139771 0.000000 0.300754 0.000000 0.953702 1.000000 1.000000 1.000000
8093.565918 0.000000 608.142517 0.000000 0.943026 0.000000 0.332719 1.000000 1.000000 1.000000
8099.373047 0.000000 591.787048 0.000000 0.227464 0.000000 0.973786 1.000000 1.000000 1.000000
8094.089844 0.000000 593.779053 0.000000 0.865810 0.000000 0.500374 1.000000 1.000000 1.000000
8103.553711 0.000000 582.046021 0.000000 0.692326 0.000000 0.721584 1.000000 1.000000 1.000000
8103.131348 0.000000 599.822876 0.000000 0.119419 0.000000 0.992844 1.000000 1.000000 1.000000
"}
object={
	name="revolution_mapobject_generator_trade_unions_1"
	clamp_to_water_level=no
	render_under_water=no
	generated_content=yes
	layer="revolution_dynamic_trade_unions"
	pdxmesh="revolution_barricade_mid_trade_unions_mesh"
	count=11
	transform="7918.444824 0.000000 390.268494 0.000000 0.950154 0.000000 -0.311780 1.000000 1.000000 1.000000
7972.219727 0.000000 435.548126 0.000000 0.978363 0.000000 0.206896 1.000000 1.000000 1.000000
7984.763672 0.000000 435.197083 0.000000 0.973586 0.000000 0.228320 1.000000 1.000000 1.000000
7975.553711 0.000000 412.592926 0.000000 0.971354 0.000000 -0.237638 1.000000 1.000000 1.000000
7975.131348 0.000000 430.369751 0.000000 0.997281 0.000000 0.073686 1.000000 1.000000 1.000000
7995.875488 0.000000 466.081238 0.000000 0.966032 0.000000 0.258422 1.000000 1.000000 1.000000
8034.139648 0.000000 510.085693 0.000000 0.968646 0.000000 0.248446 1.000000 1.000000 1.000000
8090.771973 0.000000 558.269653 0.000000 0.923715 0.000000 -0.383080 1.000000 1.000000 1.000000
8093.565918 0.000000 551.658142 0.000000 0.853943 0.000000 -0.520366 1.000000 1.000000 1.000000
8093.234863 0.000000 588.552551 0.000000 0.999990 0.000000 0.004447 1.000000 1.000000 1.000000
8093.587891 0.000000 584.511536 0.000000 0.828378 0.000000 -0.560170 1.000000 1.000000 1.000000
"}
object={
	name="revolution_mapobject_generator_trade_unions_2"
	clamp_to_water_level=no
	render_under_water=no
	generated_content=yes
	layer="revolution_dynamic_trade_unions"
	pdxmesh="revolution_barricade_large_trade_unions_mesh"
	count=9
	transform="7921.916504 0.000000 413.180634 0.000000 0.791816 0.000000 -0.610759 1.000000 1.000000 1.000000
7974.643555 0.000000 390.608337 0.000000 0.266114 0.000000 -0.963942 1.000000 1.000000 1.000000
7963.221680 0.000000 441.419189 0.000000 0.080081 0.000000 -0.996788 1.000000 1.000000 1.000000
7964.263672 0.000000 404.686676 0.000000 0.118038 0.000000 -0.993009 1.000000 1.000000 1.000000
8100.675781 0.000000 597.685791 0.000000 0.250563 0.000000 -0.968100 1.000000 1.000000 1.000000
8135.650879 0.000000 582.331116 0.000000 0.555824 0.000000 -0.831300 1.000000 1.000000 1.000000
8137.095215 0.000000 576.831177 0.000000 0.303862 0.000000 -0.952716 1.000000 1.000000 1.000000
8145.983398 0.000000 586.211975 0.000000 0.320466 0.000000 -0.947260 1.000000 1.000000 1.000000
8082.974121 0.000000 622.731018 0.000000 0.059343 0.000000 -0.998238 1.000000 1.000000 1.000000
"}
