object={
	name="revolution_mapobject_generator_rural_folk_0"
	clamp_to_water_level=no
	render_under_water=no
	generated_content=yes
	layer="revolution_dynamic_rural_folk"
	pdxmesh="revolution_barricade_small_rural_folk_mesh"
	count=20
	transform="7930.308594 0.000000 383.505798 0.000000 0.395727 0.000000 0.918368 1.000000 1.000000 1.000000
7919.152344 0.000000 384.376953 0.000000 0.808447 0.000000 0.588569 1.000000 1.000000 1.000000
7928.851562 0.000000 427.003052 0.000000 0.521227 0.000000 0.853418 1.000000 1.000000 1.000000
7943.290527 0.000000 381.751343 0.000000 0.311492 0.000000 0.950249 1.000000 1.000000 1.000000
7945.889160 0.000000 394.171265 0.000000 0.701737 0.000000 0.712436 1.000000 1.000000 1.000000
7945.808105 0.000000 374.611816 0.000000 0.882167 0.000000 0.470936 1.000000 1.000000 1.000000
7966.802246 0.000000 395.451782 0.000000 0.007004 0.000000 0.999975 1.000000 1.000000 1.000000
7978.581543 0.000000 414.195435 0.000000 0.418062 0.000000 0.908419 1.000000 1.000000 1.000000
7984.887695 0.000000 420.266144 0.000000 0.801419 0.000000 0.598104 1.000000 1.000000 1.000000
7959.828125 0.000000 419.567413 0.000000 0.402514 0.000000 0.915414 1.000000 1.000000 1.000000
7980.817383 0.000000 404.916626 0.000000 0.628824 0.000000 0.777547 1.000000 1.000000 1.000000
8055.010742 0.000000 506.827911 0.000000 0.781515 0.000000 0.623887 1.000000 1.000000 1.000000
8117.811523 0.000000 549.658447 0.000000 0.883551 0.000000 0.468334 1.000000 1.000000 1.000000
8119.010742 0.000000 563.312317 0.000000 0.798156 0.000000 0.602451 1.000000 1.000000 1.000000
8100.176270 0.000000 552.378967 0.000000 0.904817 0.000000 0.425801 1.000000 1.000000 1.000000
8098.074219 0.000000 570.363525 0.000000 0.864589 0.000000 0.502480 1.000000 1.000000 1.000000
8105.605957 0.000000 602.325256 0.000000 0.812506 0.000000 0.582953 1.000000 1.000000 1.000000
8087.759277 0.000000 608.969543 0.000000 0.718865 0.000000 0.695150 1.000000 1.000000 1.000000
8108.877441 0.000000 598.630737 0.000000 0.916676 0.000000 0.399630 1.000000 1.000000 1.000000
8154.840820 0.000000 591.548096 0.000000 0.290802 0.000000 0.956783 1.000000 1.000000 1.000000
"}
object={
	name="revolution_mapobject_generator_rural_folk_1"
	clamp_to_water_level=no
	render_under_water=no
	generated_content=yes
	layer="revolution_dynamic_rural_folk"
	pdxmesh="revolution_barricade_mid_rural_folk_mesh"
	count=14
	transform="7959.538086 0.000000 375.193054 0.000000 0.991188 0.000000 -0.132462 1.000000 1.000000 1.000000
7953.216309 0.000000 378.787537 0.000000 0.929569 0.000000 -0.368647 1.000000 1.000000 1.000000
7970.139648 0.000000 397.116943 0.000000 0.979500 0.000000 -0.201446 1.000000 1.000000 1.000000
8000.315430 0.000000 478.300568 0.000000 0.999727 0.000000 -0.023378 1.000000 1.000000 1.000000
8035.650879 0.000000 474.817352 0.000000 0.877465 0.000000 -0.479640 1.000000 1.000000 1.000000
8121.614258 0.000000 560.740540 0.000000 0.997618 0.000000 0.068976 1.000000 1.000000 1.000000
8111.152344 0.000000 553.830078 0.000000 0.997086 0.000000 -0.076289 1.000000 1.000000 1.000000
8105.927734 0.000000 553.092651 0.000000 0.968947 0.000000 -0.247267 1.000000 1.000000 1.000000
8063.097656 0.000000 660.717346 0.000000 0.992372 0.000000 -0.123281 1.000000 1.000000 1.000000
8087.828125 0.000000 589.020569 0.000000 0.999994 0.000000 -0.003515 1.000000 1.000000 1.000000
8092.683105 0.000000 578.277649 0.000000 0.955876 0.000000 -0.293770 1.000000 1.000000 1.000000
8099.650879 0.000000 587.786072 0.000000 0.972829 0.000000 -0.231525 1.000000 1.000000 1.000000
8138.276367 0.000000 585.451172 0.000000 0.860833 0.000000 -0.508887 1.000000 1.000000 1.000000
8143.712891 0.000000 583.457886 0.000000 0.949139 0.000000 -0.314858 1.000000 1.000000 1.000000
"}
object={
	name="revolution_mapobject_generator_rural_folk_2"
	clamp_to_water_level=no
	render_under_water=no
	generated_content=yes
	layer="revolution_dynamic_rural_folk"
	pdxmesh="revolution_barricade_large_rural_folk_mesh"
	count=8
	transform="7949.883301 0.000000 387.402466 0.000000 0.555813 0.000000 -0.831307 1.000000 1.000000 1.000000
7954.974121 0.000000 396.793549 0.000000 0.150289 0.000000 -0.988642 1.000000 1.000000 1.000000
7982.165527 0.000000 412.932861 0.000000 0.549161 0.000000 -0.835717 1.000000 1.000000 1.000000
8026.616699 0.000000 458.084412 0.000000 0.229573 0.000000 -0.973291 1.000000 1.000000 1.000000
8022.302246 0.000000 456.929047 0.000000 0.640784 0.000000 -0.767721 1.000000 1.000000 1.000000
8046.444824 0.000000 503.237244 0.000000 0.012868 0.000000 -0.999917 1.000000 1.000000 1.000000
8098.040527 0.000000 583.148682 0.000000 0.205205 0.000000 -0.978719 1.000000 1.000000 1.000000
8097.456543 0.000000 578.768616 0.000000 0.794514 0.000000 -0.607246 1.000000 1.000000 1.000000
"}
