object={
	name="revolution_mapobject_generator_armed_forces_0"
	clamp_to_water_level=no
	render_under_water=no
	generated_content=yes
	layer="revolution_dynamic_armed_forces"
	pdxmesh="revolution_barricade_small_armed_forces_mesh"
	count=14
	transform="5673.206543 0.000000 290.965546 0.000000 0.906114 0.000000 0.423033 1.000000 1.000000 1.000000
7971.530762 0.000000 389.494781 0.000000 0.752756 0.000000 0.658300 1.000000 1.000000 1.000000
7946.048340 0.000000 384.406555 0.000000 0.454603 0.000000 0.890694 1.000000 1.000000 1.000000
7977.206543 0.000000 403.934296 0.000000 0.550874 0.000000 0.834589 1.000000 1.000000 1.000000
8007.674805 0.000000 475.821014 0.000000 0.265276 0.000000 0.964172 1.000000 1.000000 1.000000
8018.736816 0.000000 501.996033 0.000000 0.395677 0.000000 0.918390 1.000000 1.000000 1.000000
8032.264648 0.000000 473.743530 0.000000 0.492897 0.000000 0.870088 1.000000 1.000000 1.000000
8015.347656 0.000000 452.159058 0.000000 0.850831 0.000000 0.525439 1.000000 1.000000 1.000000
8092.282227 0.000000 545.255371 0.000000 0.896417 0.000000 0.443211 1.000000 1.000000 1.000000
8114.281250 0.000000 551.428589 0.000000 0.531992 0.000000 0.846749 1.000000 1.000000 1.000000
8105.423340 0.000000 597.265991 0.000000 0.832221 0.000000 0.554444 1.000000 1.000000 1.000000
8125.733887 0.000000 599.053955 0.000000 0.716744 0.000000 0.697336 1.000000 1.000000 1.000000
8131.589355 0.000000 577.226013 0.000000 0.167444 0.000000 0.985882 1.000000 1.000000 1.000000
8147.921875 0.000000 589.169189 0.000000 0.167988 0.000000 0.985789 1.000000 1.000000 1.000000
"}
object={
	name="revolution_mapobject_generator_armed_forces_1"
	clamp_to_water_level=no
	render_under_water=no
	generated_content=yes
	layer="revolution_dynamic_armed_forces"
	pdxmesh="revolution_barricade_mid_armed_forces_mesh"
	count=11
	transform="7922.281250 0.000000 381.975464 0.000000 0.983278 0.000000 -0.182109 1.000000 1.000000 1.000000
7936.354004 0.000000 386.874146 0.000000 0.974696 0.000000 -0.223536 1.000000 1.000000 1.000000
7950.189453 0.000000 375.350006 0.000000 0.999993 0.000000 -0.003651 1.000000 1.000000 1.000000
8000.354004 0.000000 443.358521 0.000000 0.999108 0.000000 0.042228 1.000000 1.000000 1.000000
7977.206543 0.000000 460.418671 0.000000 0.962818 0.000000 0.270152 1.000000 1.000000 1.000000
7987.915527 0.000000 463.916321 0.000000 0.987218 0.000000 -0.159375 1.000000 1.000000 1.000000
8082.736816 0.000000 558.480408 0.000000 0.816967 0.000000 -0.576684 1.000000 1.000000 1.000000
8099.530762 0.000000 558.947937 0.000000 0.965516 0.000000 -0.260343 1.000000 1.000000 1.000000
8096.264648 0.000000 586.712280 0.000000 0.968029 0.000000 0.250838 1.000000 1.000000 1.000000
8079.347656 0.000000 565.127808 0.000000 0.992429 0.000000 -0.122818 1.000000 1.000000 1.000000
8141.467773 0.000000 580.399048 0.000000 0.996788 0.000000 0.080083 1.000000 1.000000 1.000000
"}
object={
	name="revolution_mapobject_generator_armed_forces_2"
	clamp_to_water_level=no
	render_under_water=no
	generated_content=yes
	layer="revolution_dynamic_armed_forces"
	pdxmesh="revolution_barricade_large_armed_forces_mesh"
	count=12
	transform="7939.834473 0.000000 395.393158 0.000000 0.153537 0.000000 -0.988143 1.000000 1.000000 1.000000
7986.281250 0.000000 438.459839 0.000000 0.085428 0.000000 -0.996344 1.000000 1.000000 1.000000
7977.423340 0.000000 427.812836 0.000000 0.178532 0.000000 -0.983934 1.000000 1.000000 1.000000
7996.270508 0.000000 443.724457 0.000000 0.624107 0.000000 -0.781339 1.000000 1.000000 1.000000
7988.449707 0.000000 428.151123 0.000000 0.430053 0.000000 -0.902804 1.000000 1.000000 1.000000
8018.736816 0.000000 445.511658 0.000000 0.098435 0.000000 -0.995143 1.000000 1.000000 1.000000
8003.834473 0.000000 451.877533 0.000000 0.004825 0.000000 -0.999988 1.000000 1.000000 1.000000
8035.530762 0.000000 502.463531 0.000000 0.610295 0.000000 -0.792175 1.000000 1.000000 1.000000
8092.282227 0.000000 601.739746 0.000000 0.762917 0.000000 -0.646496 1.000000 1.000000 1.000000
8084.950195 0.000000 574.012939 0.000000 0.000189 0.000000 -1.000000 1.000000 1.000000 1.000000
8106.581543 0.000000 583.648560 0.000000 0.318928 0.000000 -0.947779 1.000000 1.000000 1.000000
8095.430176 0.000000 575.615723 0.000000 0.623539 0.000000 -0.781792 1.000000 1.000000 1.000000
"}
