object={
	name="papermap_endofworld"
	clamp_to_water_level=no
	render_under_water=no
	generated_content=no
	layer="static"
	pdxmesh="edgeofworld_mesh"
	count=4
	transform="4002.761230 1.000000 8674.119141 0.000000 0.000000 0.000000 0.000000 10.000000 10.000000 10.000000
3974.397705 1.000000 8695.252930 0.000000 0.000000 0.000000 0.000000 10.000000 10.000000 10.000000
3981.868896 1.000000 8695.639648 0.000000 0.000000 0.000000 0.000000 10.000000 10.000000 10.000000
4096.000000 1.000000 -5202.000000 -0.000000 -0.000000 -0.000000 0.000000 10.000000 10.000000 10.000000
"}
